108B Male-B,Hulule      Rep. of Maldives    1989-2017 04114N 073316E 1 00000R MM
108B Male 1989 001J  9999 9999 9999 9999 9999 9999 9999 9999 9999 9999 9999 9999
108B Male 1989 013J  9999 9999 9999 9999 9999 9999 9999 9999 9999 9999 9999 9999
108B Male 1989 025J  9999 9999 9999 9999 9999 9999 9999 9999 9999 9999 9999 9999
108B Male 1989 037J  9999 9999 9999 9999 9999 9999 9999 9999 9999 9999 9999 9999
108B Male 1989 049J  9999 9999 9999 9999 9999 9999 9999 9999 9999 9999 9999 9999
108B Male 1989 061J  9999 9999 9999 9999 9999 9999 9999 9999 9999 9999 9999 9999
108B Male 1989 073J  9999 9999 9999 9999 9999 9999 9999 9999 9999 9999 9999 9999
108B Male 1989 085J  9999 9999 9999 9999 9999 9999 9999 9999 9999 9999 9999 9999
108B Male 1989 097J  9999 9999 9999 9999 9999 9999 9999 9999 9999 9999 9999 9999
108B Male 1989 109J  9999 9999 9999 9999 9999 9999 9999 9999 9999 9999 9999 9999
108B Male 1989 121J  9999 9999 9999 9999 9999 9999 9999 9999 9999 9999 9999 9999
108B Male 1989 133J  9999 9999 9999 9999 9999 9999 9999 9999 9999 9999 9999 9999
108B Male 1989 145J  9999 9999 9999 9999 9999 9999 9999 9999 9999 9999 9999 9999
108B Male 1989 157J  9999 9999 9999 9999 9999 9999 9999 9999 9999 9999 9999 9999
108B Male 1989 169J  9999 9999 9999 9999 9999 9999 9999 9999 9999 9999 9999 9999
108B Male 1989 181J  9999 9999 9999 9999 9999 9999 9999 9999 9999 9999 9999 9999
108B Male 1989 193J  9999 9999 9999 9999 9999 9999 9999 9999 9999 9999 9999 9999
108B Male 1989 205J  9999 9999 9999 9999 9999 9999 9999 9999 9999 9999 9999 9999
108B Male 1989 217J  9999 9999 9999 9999 9999 9999 9999 9999 9999 9999 9999 9999
108B Male 1989 229J  9999 9999 9999 9999 9999 9999 9999 9999 9999 9999 1814 1822
108B Male 1989 241J  1838 1853 1858 1859 1854 1827 1811 1816 9999 9999 9999 1774
108B Male 1989 253J  1768 1777 1808 9999 9999 9999 9999 9999 9999 9999 9999 9999
108B Male 1989 265J  9999 9999 9999 9999 9999 9999 9999 9999 9999 9999 9999 9999
108B Male 1989 277J  9999 9999 9999 9999 9999 9999 9999 1858 1858 1841 1817 1804
108B Male 1989 289J  1792 1783 1774 1767 1782 1794 1805 1805 1802 1821 1832 1841
108B Male 1989 301J  1826 1790 9999 9999 9999 9999 9999 9999 9999 9999 9999 9999
108B Male 1989 313J  9999 1777 1777 1756 1765 1784 1789 1805 1809 1792 1783 1776
108B Male 1989 325J  1761 1751 1750 1766 1781 1787 1791 1780 1767 1753 1741 1733
108B Male 1989 337J  1728 1765 1815 1828 1832 1848 1855 1852 1851 1870 1901 1909
108B Male 1989 349J  1896 1884 1889 1900 1881 1870 1886 1884 1870 1863 1822 1812
108B Male 1989 361J  1833 1827 1825 1879 1912-9999-9999-9999-9999-9999-9999-9999
108B Male 1990 001J  1913 1926 1926 1921 1922 1909 1888 1869 1859 1864 1874 1881
108B Male 1990 013J  1881 9999 9999 9999 9999 9999 9999 9999 9999 9999 9999 9999
108B Male 1990 025J  9999 9999 9999 9999 9999 9999 9999 9999 9999 9999 9999 9999
108B Male 1990 037J  9999 9999 9999 9999 9999 9999 9999 9999 9999 9999 9999 9999
108B Male 1990 049J  9999 9999 9999 9999 9999 9999 9999 9999 9999 9999 9999 9999
108B Male 1990 061J  9999 9999 9999 9999 9999 9999 9999 9999 9999 9999 9999 9999
108B Male 1990 073J  9999 9999 9999 9999 9999 9999 9999 9999 9999 9999 9999 9999
108B Male 1990 085J  9999 9999 9999 9999 9999 9999 9999 9999 9999 9999 9999 9999
108B Male 1990 097J  9999 9999 9999 9999 9999 9999 9999 9999 9999 9999 9999 9999
108B Male 1990 109J  9999 9999 9999 9999 9999 9999 9999 9999 9999 9999 9999 9999
108B Male 1990 121J  9999 9999 9999 9999 9999 9999 9999 9999 9999 1763 1768 1771
108B Male 1990 133J  9999 9999 9999 1718 1749 1802 1794 1783 1785 1772 1739 1691
108B Male 1990 145J  1687 1720 1746 1734 1744 1785 1818 1886 1884 1854 1844 1829
108B Male 1990 157J  1804 1771 1756 1786 1836 1830 1788 9999 9999 9999 9999 9999
108B Male 1990 169J  9999 9999 9999 9999 9999 9999 9999 9999 1876 1879 1891 1898
108B Male 1990 181J  9999 9999 9999 9999 9999 9999 9999 9999 9999 9999 9999 1953
108B Male 1990 193J  1925 1907 1930 1936 1932 9999 9999 9999 1905 1894 1920 1927
108B Male 1990 205J  1916 1915 9999 9999 9999 9999 9999 9999 1837 9999 9999 9999
108B Male 1990 217J  1816 1818 1807 1798 1784 1746 9999 9999 9999 9999 9999 9999
108B Male 1990 229J  9999 9999 9999 9999 9999 9999 9999 9999 9999 9999 9999 9999
108B Male 1990 241J  9999 9999 1815 1850 1864 1870 9999 9999 9999 9999 9999 9999
108B Male 1990 253J  9999 9999 9999 9999 9999 9999 9999 9999 9999 9999 9999 9999
108B Male 1990 265J  9999 9999 9999 9999 9999 9999 9999 9999 9999 9999 9999 9999
108B Male 1990 277J  9999 9999 9999 9999 9999 9999 9999 9999 9999 9999 9999 9999
108B Male 1990 289J  9999 9999 9999 9999 9999 9999 9999 9999 9999 9999 9999 9999
108B Male 1990 301J  9999 9999 9999 9999 9999 9999 9999 9999 9999 1816 1790 1782
108B Male 1990 313J  1801 1798 1795 1792 1777 1756 9999 9999 9999 9999 1778 1781
108B Male 1990 325J  1776 1793 1807 1825 1839 1836 1823 1790 1814 1846 1853 1861
108B Male 1990 337J  1844 1851 1847 1868 1913 1938 1957 1952 1910 1864 1872 1863
108B Male 1990 349J  1839 1830 1833 1774 1778 1825 1834 1848 1876 1897 1863 1840
108B Male 1990 361J  1885 1894 1888 1905 1896-9999-9999-9999-9999-9999-9999-9999
108B Male 1991 001J  1898 1916 1944 1955 1945 1957 1950 1921 1915 1892 1879 1887
108B Male 1991 013J  1880 1884 1875 1873 1871 1843 1830 1846 1891 1919 1930 1936
108B Male 1991 025J  1898 1870 1857 1851 1881 1893 1851 9999 9999 9999 9999 9999
108B Male 1991 037J  1880 1847 1828 1807 1804 1793 1796 1826 1858 9999 9999 9999
108B Male 1991 049J  1884 1888 1906 1890 1832 1813 1816 1823 1830 1861 1872 1877
108B Male 1991 061J  1873 1860 1855 1868 1869 1857 1862 1856 1863 1875 1885 1890
108B Male 1991 073J  1905 1916 1904 1908 1917 1926 1916 1915 1939 1934 1906 1916
108B Male 1991 085J  1934 1941 1949 1946 1933 1931 1933 1929 1922 1911 1908 1907
108B Male 1991 097J  1900 1887 1897 1924 1933 1936 1942 1944 1926 1930 1934 1909
108B Male 1991 109J  1903 1902 1898 1900 1899 1895 1875 1879 1889 1879 1865 1850
108B Male 1991 121J  1862 1882 1879 1879 1906 1909 1910 1907 1907 1904 1893 1892
108B Male 1991 133J  1899 1886 1888 1890 1887 1906 1909 1918 1901 1895 1917 1919
108B Male 1991 145J  1916 1908 1915 1910 1915 1923 1974 1970 1895 1884 1915 1931
108B Male 1991 157J  1947 1970 1953 1929 1906 1866 1849 1859 1875 1881 1881 1891
108B Male 1991 169J  1906 1901 1883 1863 1844 1836 1840 1853 1861 1876 1894 1907
108B Male 1991 181J  1902 1911 1922 1910 1890 1912 1929 1937 1945 1953 1984 1994
108B Male 1991 193J  1974 1969 9999 9999 9999 9999 1959 1951 1950 1960 1953 1935
108B Male 1991 205J  1931 1934 1950 1950 1963 1988 1989 1966 1948 1921 1908 1892
108B Male 1991 217J  1866 1863 1877 1917 1929 1918 1941 1935 1892 1870 1877 1875
108B Male 1991 229J  1843 1822 1830 1844 1854 1869 1898 1915 1923 1942 1943 1917
108B Male 1991 241J  1890 1890 1877 1858 1833 1824 1842 1850 1856 1865 1884 1891
108B Male 1991 253J  1878 1850 1826 1817 1815 1818 1830 1820 1802 1817 1815 1796
108B Male 1991 265J  1827 1856 1866 1844 1817 1815 1809 1800 1816 1845 1871 1881
108B Male 1991 277J  1897 1927 1930 1905 1868 1850 1823 1814 1829 1837 1827 1839
108B Male 1991 289J  1864 1868 1866 1859 1886 1889 1847 1811 1820 1825 1824 1839
108B Male 1991 301J  1821 1824 1854 1866 1859 1845 1825 1821 1833 1823 1797 1783
108B Male 1991 313J  1776 1792 1792 1793 1809 1817 1830 1837 1838 1852 1854 1823
108B Male 1991 325J  1804 1802 1782 1743 1743 1786 1827 9999 9999 9999 9999 9999
108B Male 1991 337J  9999 9999 9999 9999 9999 9999 9999 9999 9999 9999 9999 9999
108B Male 1991 349J  9999 9999 9999 9999 9999 9999 9999 9999 9999 9999 9999 9999
108B Male 1991 361J  9999 9999 9999 9999 9999-9999-9999-9999-9999-9999-9999-9999
108B Male 1992 001J  9999 9999 9999 9999 9999 9999 9999 1882 1912 1927 1924 1951
108B Male 1992 013J  1924 1877 9999 9999 9999 9999 1821 1817 1826 1839 1841 1854
108B Male 1992 025J  1847 1821 1799 1789 1803 1815 1817 1849 1866 1876 1859 1856
108B Male 1992 037J  1867 1860 1864 1893 1910 1885 1853 1856 1876 1878 1872 1912
108B Male 1992 049J  1917 1912 1923 1900 1869 1846 1831 1836 1842 1824 1815 1842
108B Male 1992 061J  1860 1857 1874 1850 1792 1795 1794 1839 1872 1877 1889 1871
108B Male 1992 073J  1876 1903 1907 1922 1928 1923 1934 1931 1916 1932 1941 1938
108B Male 1992 085J  1938 1950 1956 1951 1951 1972 1984 1977 1958 1940 1933 1943
108B Male 1992 097J  1960 1949 1925 1933 1926 1925 1945 1935 1915 1927 1949 1928
108B Male 1992 109J  1894 1894 1885 1887 1903 1921 1916 1904 1908 1907 1913 1915
108B Male 1992 121J  1903 1905 1911 1902 1910 1916 1915 1936 1942 1949 1954 1940
108B Male 1992 133J  1925 1912 1901 1926 1924 1893 1873 1845 9999 9999 9999 9999
108B Male 1992 145J  9999 1873 1864 1865 1877 1901 1899 1889 1862 1846 1839 1849
108B Male 1992 157J  1886 1907 1942 1948 1901 1888 1904 1922 1882 1839 1851 1856
108B Male 1992 169J  1870 1905 1901 1888 1896 1879 1899 1919 1899 1857 1834 1838
108B Male 1992 181J  1864 1897 1927 1932 1923 1930 1920 1909 1906 1918 1894 1867
108B Male 1992 193J  1873 1894 1922 1934 1919 1926 1959 1970 1950 1953 1940 1911
108B Male 1992 205J  1928 1945 1924 1924 1940 1939 1925 1934 1950 1934 1917 1918
108B Male 1992 217J  1932 1907 1868 1860 1832 1814 1838 1837 1828 1835 1869 1856
108B Male 1992 229J  1846 1853 1853 1839 1829 1829 1806 1784 1822 1851 1865 1867
108B Male 1992 241J  1902 1942 1927 1903 1907 1880 1842 1820 1831 1842 1837 1831
108B Male 1992 253J  1843 1887 1907 1878 1868 1862 1848 1839 1856 1872 1867 1849
108B Male 1992 265J  1828 1865 1880 1881 1892 1886 1848 1824 1832 1845 1842 1825
108B Male 1992 277J  1825 1821 1818 1836 1852 1832 1818 1811 1798 1791 1772 1789
108B Male 1992 289J  1786 1783 1767 1763 1791 1808 1829 1833 1817 1790 1773 1784
108B Male 1992 301J  1785 1773 1788 1808 1813 1809 1797 1814 1822 1820 1814 1837
108B Male 1992 313J  1840 1812 1826 1846 1852 1873 1901 1920 1948 1945 1931 1928
108B Male 1992 325J  1908 1893 1847 1826 1830 1836 1850 1875 1890 1907 1917 1915
108B Male 1992 337J  1930 1941 1907 1859 1857 1859 1853 1852 1857 1846 1851 1867
108B Male 1992 349J  1877 1882 1904 1918 1897 1858 1844 1840 1845 1875 1876 1876
108B Male 1992 361J  1883 1888 1888 1887 1903 1899-9999-9999-9999-9999-9999-9999
108B Male 1993 001J  1900 1925 1926 1935 1924 1913 1901 1893 1905 1913 1905 1902
108B Male 1993 013J  1909 1904 1879 1873 1883 1888 1896 1907 1913 1895 1885 1872
108B Male 1993 025J  1874 1869 1836 1842 1874 1886 1872 1837 1823 1818 1802 1795
108B Male 1993 037J  1833 1856 1835 1828 1849 1856 1847 1858 1861 1870 1877 1870
108B Male 1993 049J  1879 1896 1901 1903 1914 1909 1895 1892 1909 1906 1872 1863
108B Male 1993 061J  1880 1900 1921 1934 1934 1937 1938 1944 1939 1924 1900 1881
108B Male 1993 073J  1879 1883 1884 1889 1895 1906 1905 1890 1894 1892 1877 1882
108B Male 1993 085J  1896 1890 1873 1873 1887 1890 1891 1914 1930 1928 1918 1906
108B Male 1993 097J  1897 1886 1889 1902 1898 1890 1902 1901 1903 1921 1933 1934
108B Male 1993 109J  1920 1914 1920 1935 1925 1927 1916 1903 1914 1923 1916 1931
108B Male 1993 121J  1964 1965 1949 1942 1936 1903 1875 1892 1919 1922 1917 1907
108B Male 1993 133J  1914 1897 1896 1924 1895 1881 1910 1897 1869 1865 1862 1856
108B Male 1993 145J  1866 1871 1878 1916 1929 1923 1903 1883 1882 1876 1890 1904
108B Male 1993 157J  1908 1920 1933 1912 1898 1921 1928 1902 1882 1876 1864 1851
108B Male 1993 169J  1848 1863 1867 1854 1868 1903 1907 1903 1913 1907 1909 1921
108B Male 1993 181J  1895 1885 1913 1921 1917 1931 1915 1900 1924 1932 1956 1992
108B Male 1993 193J  1990 1990 1974 1933 1920 1917 1894 1867 1862 1876 9999 9999
108B Male 1993 205J  9999 1873 1853 1831 1822 1818 1821 1832 1832 1812 1827 1825
108B Male 1993 217J  1792 1771 1757 1763 1766 1770 1784 1795 1821 1821 1804 1836
108B Male 1993 229J  1829 1827 1832 1833 1832 1837 1838 1818 1841 1863 1862 1874
108B Male 1993 241J  1886 9999 9999 1849 1836 1836 1834 1811 1800 1805 1835 1860
108B Male 1993 253J  9999 9999 1868 1880 1890 1887 1879 1876 1865 1831 1818 1828
108B Male 1993 265J  1842 1867 1874 1861 1862 1891 9999 9999 9999 1857 1834 1827
108B Male 1993 277J  1826 1840 1831 1803 1830 1868 1868 1879 1895 1897 1863 1850
108B Male 1993 289J  1855 1841 1828 1821 1831 1836 1814 1810 1841 1837 1821 1850
108B Male 1993 301J  1863 1838 1827 1840 1838 1853 1860 1876 1909 1904 1882 1874
108B Male 1993 313J  1879 1856 1852 9999 9999 9999 1808 1805 1809 1817 1815 1796
108B Male 1993 325J  1800 1816 1837 1823 1811 1799 1794 1805 1801 1790 1817 1846
108B Male 1993 337J  1832 1820 1830 1828 1806 1800 1807 1802 1785 1802 1833 1834
108B Male 1993 349J  1835 1834 1831 1818 1820 1830 1839 1846 1833 1834 1847 1843
108B Male 1993 361J  1845 1854 1872 1897 1935-9999-9999-9999-9999-9999-9999-9999
108B Male 1994 001J  1948 1948 1936 1898 1906 1902 1855 1812 1803 1796 1788 1806
108B Male 1994 013J  1827 1851 1868 1863 1857 1847 1859 1901 1920 1885 1879 1885
108B Male 1994 025J  1869 1866 1884 1891 1880 1882 1904 1906 1911 1927 1899 1885
108B Male 1994 037J  1882 1897 1905 1909 1901 1910 1922 1934 1930 1896 1881 1866
108B Male 1994 049J  1862 1867 1867 1871 1885 1903 1920 9999 9999 1894 1873 1862
108B Male 1994 061J  1855 1848 1830 1832 1861 1892 1904 1893 1884 1906 1906 1904
108B Male 1994 073J  1909 1923 1919 1891 1897 1859 1837 1845 1855 1840 1856 9999
108B Male 1994 085J  9999 9999 9999 9999 9999 9999 9999 9999 9999 9999 9999 9999
108B Male 1994 097J  9999 9999 9999 9999 9999 9999 9999 9999 9999 9999 9999 9999
108B Male 1994 109J  9999 9999 9999 9999 9999 9999 9999 9999 9999 9999 9999 9999
108B Male 1994 121J  9999 9999 9999 9999 9999 9999 9999 9999 9999 9999 9999 9999
108B Male 1994 133J  9999 9999 9999 9999 9999 9999 9999 9999 9999 9999 9999 9999
108B Male 1994 145J  9999 9999 9999 9999 9999 9999 9999 9999 1903 1923 1915 1908
108B Male 1994 157J  1926 1925 1944 1941 1923 1937 1921 1903 1935 1956 1984 1986
108B Male 1994 169J  1958 1923 1927 1955 1951 1929 1929 1934 1917 1899 1910 1942
108B Male 1994 181J  1939 1931 1932 1920 1899 1911 1905 1867 1876 1899 1916 1955
108B Male 1994 193J  1965 1954 1966 1983 1985 1967 1937 1924 1925 1937 1946 1961
108B Male 1994 205J  1976 1980 1993 1991 9999 9999 9999 9999 9999 9999 1928 1926
108B Male 1994 217J  1913 1911 1932 1961 1963 1945 1953 1965 1933 1901 1917 1942
108B Male 1994 229J  1933 9999 9999 9999 9999 1910 1936 1941 1913 9999 9999 1935
108B Male 1994 241J  1948 1970 1976 1971 1986 1988 1973 1958 1975 2008 1978 1937
108B Male 1994 253J  1935 1945 1959 1957 1936 1950 1953 1948 1928 1933 1938 1920
108B Male 1994 265J  1896 1889 1890 1866 1866 1900 1901 1902 1933 1942 1935 1957
108B Male 1994 277J  1941 1921 1920 1912 1893 1868 1847 1846 1864 1878 1903 1924
108B Male 1994 289J  1940 1955 1950 1914 1887 1897 1904 1900 1919 1923 1935 1966
108B Male 1994 301J  1981 1992 2015 2016 2009 2002 1993 1998 1986 1973 1970 1965
108B Male 1994 313J  1974 1990 2001 1973 1940 1927 1917 1894 1880 1900 1918 1915
108B Male 1994 325J  1913 1921 1931 1953 1971 1955 1948 1964 1952 1915 1872 1872
108B Male 1994 337J  1890 1893 1872 1884 1913 1902 1879 1869 1861 1863 1887 1885
108B Male 1994 349J  1866 1827 1798 1775 1768 1789 1803 1823 1835 1843 1859 1870
108B Male 1994 361J  1872 1874 1882 1905 1919-9999-9999-9999-9999-9999-9999-9999
108B Male 1995 001J  1931 1953 1954 1974 1978 1953 1929 1922 1911 1884 1874 1901
108B Male 1995 013J  1906 1888 1884 1879 1868 1881 1914 1935 1940 1954 1951 1930
108B Male 1995 025J  1926 1918 1895 1887 1888 1876 1886 1915 1912 1887 1874 1868
108B Male 1995 037J  1866 1873 1881 1888 1889 1885 1884 1886 1891 1911 1928 1922
108B Male 1995 049J  1914 1923 1928 1942 1955 1963 1960 1968 1970 1986 1999 1972
108B Male 1995 061J  1948 1940 1910 1908 1916 1911 1887 1883 1878 1885 1888 1900
108B Male 1995 073J  1923 1913 1902 1916 1917 1882 1894 1911 1905 1908 1923 1949
108B Male 1995 085J  1967 1978 1973 1961 1964 1968 1946 1945 1957 1971 1963 1988
108B Male 1995 097J  2022 2000 1999 2016 2016 2004 2020 2037 2035 2014 2004 1998
108B Male 1995 109J  1982 1984 2002 2022 2023 2015 2009 2013 2003 1980 1969 1964
108B Male 1995 121J  1970 1964 1964 1970 1961 1956 1977 1986 1973 1964 1974 1982
108B Male 1995 133J  1977 1979 1960 1927 1935 1933 1909 1906 1905 1918 1913 1891
108B Male 1995 145J  1884 1886 1892 1911 1895 1870 1878 1898 1896 1896 1915 1923
108B Male 1995 157J  1914 1912 1930 1931 1925 1937 1961 1942 1927 1948 1954 1926
108B Male 1995 169J  1948 1953 1933 1925 1924 1930 1933 1927 1910 1909 1931 1947
108B Male 1995 181J  1956 1937 1939 1949 1941 1966 1988 1989 1973 1957 1953 1952
108B Male 1995 193J  1958 1982 1992 1973 1973 1972 1954 1952 1946 1957 1955 1947
108B Male 1995 205J  1942 1941 1934 1937 1936 1954 1961 1954 1941 1955 1969 1957
108B Male 1995 217J  1944 1938 1945 1921 1905 1921 1917 1923 1942 1938 1897 1885
108B Male 1995 229J  1892 1888 1910 1929 1889 1855 1854 1874 1879 1887 1918 1943
108B Male 1995 241J  1925 1898 1904 1916 1926 1911 1878 1876 1863 1873 1882 1881
108B Male 1995 253J  1893 1909 1901 1875 1866 1873 1878 1854 1830 1824 1846 1841
108B Male 1995 265J  1840 1854 1856 1850 1862 1872 1867 1846 9999 9999 1820 1813
108B Male 1995 277J  1820 1841 1832 1804 1805 1805 1798 1787 1797 1812 1785 1761
108B Male 1995 289J  1764 1775 1794 1821 1846 1860 1844 1815 1805 1807 1832 1827
108B Male 1995 301J  1819 1842 1842 1836 1844 1840 1823 1832 1820 1797 1806 1812
108B Male 1995 313J  1792 1776 1790 1792 1782 1777 1776 1795 1810 1799 1792 1809
108B Male 1995 325J  1822 1798 1775 1790 1804 1793 1771 1775 1777 1748 1747 1778
108B Male 1995 337J  1771 1775 1795 1809 1819 1839 1859 1855 1838 1839 1864 1879
108B Male 1995 349J  1877 1853 1820 1799 1804 1826 1832 1842 1839 1843 1857 1862
108B Male 1995 361J  1873 1872 1876 1871 1884-9999-9999-9999-9999-9999-9999-9999
108B Male 1996 001J  1890 1888 1887 1882 1888 1894 1897 1921 1924 1913 1916 1940
108B Male 1996 013J  1940 1909 1894 1892 1888 1880 1879 1895 1896 1901 1896 1883
108B Male 1996 025J  1877 1857 1850 1851 1851 1859 1869 1866 1876 1885 1872 1885
108B Male 1996 037J  1899 1890 1888 1902 1887 1890 1913 1930 1930 1931 1933 1918
108B Male 1996 049J  1911 1923 1946 1927 1899 1924 1936 1900 1879 1892 1896 1887
108B Male 1996 061J  1898 1886 1888 1900 1886 1874 1890 1910 1899 1885 1898 1901
108B Male 1996 073J  1925 1947 1937 1937 1953 1960 1976 1973 1942 1949 1950 1949
108B Male 1996 085J  1949 1969 1985 1960 1966 1954 1951 1976 1991 1986 1978 1960
108B Male 1996 097J  1928 1907 1940 1986 1986 2004 2010 1965 1951 1976 1991 1968
108B Male 1996 109J  1952 1955 1929 1924 1924 1936 1957 1952 1951 1962 1983 1976
108B Male 1996 121J  1951 1934 1927 1931 1935 1917 1906 1918 1915 1901 1904 1911
108B Male 1996 133J  1902 1887 1883 1861 1835 1844 1868 1874 1859 1851 1855 1860
108B Male 1996 145J  1853 1867 1890 1905 1913 1916 1916 1902 1880 1886 1901 1885
108B Male 1996 157J  1868 1870 1880 1890 1903 1949 1977 1977 1964 1932 1929 1941
108B Male 1996 169J  1930 1921 1927 1956 1962 1951 1945 1946 1944 1932 1925 1910
108B Male 1996 181J  1886 1893 1908 1891 1919 1965 1971 1957 1946 1955 1951 1931
108B Male 1996 193J  1922 1913 1896 1896 1908 1916 1914 1924 1914 1882 1885 1895
108B Male 1996 205J  1883 1885 1900 1917 1908 1883 1895 1925 1927 1913 1902 1904
108B Male 1996 217J  1906 1903 1894 1906 1917 1876 1853 1887 1873 1887 1900 1881
108B Male 1996 229J  1854 1838 1860 1869 1854 1853 1847 1831 1827 1840 1862 1872
108B Male 1996 241J  1874 1852 1845 1891 1900 1861 1861 1874 1875 1872 1860 1874
108B Male 1996 253J  1896 1879 1845 1844 1869 1873 1874 1877 1862 1861 1867 1877
108B Male 1996 265J  1896 1891 1889 1887 1878 1893 1917 1913 1897 1882 1885 1868
108B Male 1996 277J  1836 1829 1863 1866 1844 1865 1868 1850 1848 1849 1841 1834
108B Male 1996 289J  1844 1834 1810 1813 1821 1830 1832 1826 1817 1814 1811 1806
108B Male 1996 301J  1803 1789 1766 1768 1783 1801 1813 1809 1828 1843 1834 1823
108B Male 1996 313J  1800 1797 1808 1808 1789 1776 1782 1796 1821 1823 1819 1809
108B Male 1996 325J  1821 1838 1846 1843 1838 1831 1838 1855 1848 1840 1847 1869
108B Male 1996 337J  1867 1867 1882 1888 1894 1895 1908 1929 1937 1937 1929 1926
108B Male 1996 349J  1917 1900 1894 1891 1885 1886 1889 1889 1873 1854 1843 1834
108B Male 1996 361J  1840 1848 1853 1839 1865 1884-9999-9999-9999-9999-9999-9999
108B Male 1997 001J  1893 1905 1901 1883 1875 1882 1880 1888 1919 1955 1960 1949
108B Male 1997 013J  1954 1975 1991 1999 1986 1967 1950 1938 1953 1966 1950 1947
108B Male 1997 025J  1936 1927 1916 1920 1927 1922 1923 1922 1910 1905 1903 1905
108B Male 1997 037J  1912 1914 1935 1922 1901 1911 1918 1930 1914 1892 1896 1884
108B Male 1997 049J  1871 1862 1862 1882 1879 1870 1883 1894 1882 1904 1910 1872
108B Male 1997 061J  1868 1872 1876 1879 1893 1891 1882 1917 1932 1922 1905 1909
108B Male 1997 073J  1916 1912 1909 1897 1894 1903 1906 1915 1925 1927 1929 1949
108B Male 1997 085J  1961 1960 1946 1941 1936 1928 1926 1938 1967 1963 1951 1973
108B Male 1997 097J  1984 1954 1928 1943 1943 1935 1924 1955 1952 1922 1938 1959
108B Male 1997 109J  1957 1952 1956 1961 1946 1962 1973 1963 1961 1949 1925 1924
108B Male 1997 121J  1952 1978 1996 2001 2004 2005 1996 1977 1956 1950 1953 1962
108B Male 1997 133J  1959 1952 1946 1935 1923 1922 1935 1916 1887 1871 1850 1828
108B Male 1997 145J  1812 1829 1829 1818 1815 1844 1865 1830 1818 1831 1816 1803
108B Male 1997 157J  1811 1805 1808 1821 1818 1815 1819 1840 1869 1883 1873 1873
108B Male 1997 169J  1867 1850 1860 1887 1936 1974 1977 2001 2015 2027 2060 2057
108B Male 1997 181J  2038 2036 2001 1955 1960 1980 1978 1998 2023 2016 2017 2021
108B Male 1997 193J  1995 1970 1965 1977 1973 1944 1936 1951 1951 1945 1939 1936
108B Male 1997 205J  1911 1902 1902 1877 1871 1872 1890 1896 1904 1903 1886 1874
108B Male 1997 217J  1869 1879 1879 1874 1891 1866 1830 1843 1860 1840 1839 1846
108B Male 1997 229J  1856 1868 1879 1893 1882 1893 1911 1900 1895 1891 1872 1887
108B Male 1997 241J  1883 1893 1902 1905 1904 1892 1881 1878 1872 1857 1848 1870
108B Male 1997 253J  1888 1845 1811 1825 1846 1855 1879 1904 1910 1921 1917 1904
108B Male 1997 265J  1899 1900 1912 1913 1897 1897 1920 1926 1914 1930 1934 1939
108B Male 1997 277J  1937 1962 1970 1947 1912 1900 1932 1978 1992 1993 1991 1986
108B Male 1997 289J  1977 1986 1997 1990 1973 1974 1963 1943 1945 1945 1933 1946
108B Male 1997 301J  1968 1959 1937 1937 1945 1931 1927 1907 1898 1923 1941 1935
108B Male 1997 313J  1946 1947 1947 1967 1971 1953 1952 1962 1968 1963 1936 1919
108B Male 1997 325J  1923 1935 1933 1933 1956 1943 1921 1915 1931 1929 1912 1913
108B Male 1997 337J  1918 1906 1909 1931 1947 1936 1933 1949 1952 1931 1905 1914
108B Male 1997 349J  1898 1892 1897 1905 1908 1887 1877 1867 1894 1901 1884 1886
108B Male 1997 361J  1901 1893 1869 1876 1901-9999-9999-9999-9999-9999-9999-9999
108B Male 1998 001J  1910 1899 1908 1910 1893 1882 1897 1909 1902 1903 1911 1909
108B Male 1998 013J  1914 1924 1930 1937 1932 1909 1890 1893 1887 1865 1860 1851
108B Male 1998 025J  1848 1841 1844 1851 1852 1878 1884 1876 1873 1873 1868 1863
108B Male 1998 037J  1864 1872 1877 1878 1884 1881 1873 1864 1880 1913 1927 1895
108B Male 1998 049J  1873 1881 1880 1867 1876 1892 1879 1865 1893 1925 1956 1943
108B Male 1998 061J  1919 1920 1898 1902 1921 1928 1910 1896 1889 1877 1889 1895
108B Male 1998 073J  1909 1898 1890 1898 1904 1916 1932 1924 1935 1949 1957 1981
108B Male 1998 085J  2004 1990 1969 1983 1967 1949 1949 1943 1954 1961 1962 1960
108B Male 1998 097J  1979 1999 1997 2017 2000 1974 1987 2004 1975 1973 1976 1956
108B Male 1998 109J  1982 1994 1977 1982 1995 2009 2011 2007 2018 1996 1973 1985
108B Male 1998 121J  1992 1993 2017 2014 2019 2022 2024 2034 2034 2027 2014 2033
108B Male 1998 133J  2053 2050 2043 2005 1969 1963 1947 1980 2013 2010 1987 1982
108B Male 1998 145J  1978 1970 1960 1959 1966 1963 1951 1941 1949 1940 1944 1960
108B Male 1998 157J  1940 1933 1942 1939 1932 1914 1908 1917 1915 1913 1911 1935
108B Male 1998 169J  1987 1976 1953 1941 1938 1944 1967 1983 2007 2007 1997 2010
108B Male 1998 181J  2039 2038 2029 2019 1994 1998 2023 2028 2055 2076 2069 2068
108B Male 1998 193J  2061 2062 2066 2059 2029 1980 1963 1980 1970 1966 1974 1942
108B Male 1998 205J  1935 1939 1932 1919 1905 1890 1888 1885 1882 1864 1859 1862
108B Male 1998 217J  1860 1847 1846 1870 1900 1937 1953 1950 1943 1931 1909 1884
108B Male 1998 229J  1885 1896 1908 1931 1945 1949 1959 1973 1970 1940 1903 1882
108B Male 1998 241J  1883 1873 1846 1856 1864 1894 1906 1920 1926 1918 1905 1894
108B Male 1998 253J  1881 1857 1845 1864 1892 1903 1919 1929 1907 1890 1872 1862
108B Male 1998 265J  1865 1861 1860 1837 1836 1878 1878 1853 1843 1856 1862 1845
108B Male 1998 277J  1847 1862 1874 1856 1870 1882 1884 1886 1868 1851 1846 1848
108B Male 1998 289J  1851 1856 1847 1862 1878 1863 1814 1773 1776 1802 1806 1821
108B Male 1998 301J  1829 1820 1835 1855 1865 1854 1853 1838 1811 1811 1815 1780
108B Male 1998 313J  1782 1811 1813 1812 1786 1776 1784 1775 1783 1760 1746 1746
108B Male 1998 325J  1755 1751 1744 1763 1769 1779 1788 1819 1828 1819 1815 1805
108B Male 1998 337J  1800 1806 1812 1804 1814 1839 1842 1857 1879 1873 1862 1863
108B Male 1998 349J  1835 1820 1828 1817 1820 1839 1839 1826 1826 1854 1894 1905
108B Male 1998 361J  1925 1946 1926 1902 1920-9999-9999-9999-9999-9999-9999-9999
108B Male 1999 001J  1937 1926 1926 1955 1984 1987 2001 2003 2007 1982 1953 1936
108B Male 1999 013J  1939 1954 1928 1899 1898 1893 1894 1898 1907 1934 1924 1909
108B Male 1999 025J  1902 1888 1927 1962 1946 1921 1933 1947 1937 1934 1942 1937
108B Male 1999 037J  1929 1947 1956 1919 1901 1900 1894 1904 1903 1905 1896 1895
108B Male 1999 049J  1906 1913 1937 1936 1924 1908 1914 1913 1914 1939 1954 1940
108B Male 1999 061J  1944 1950 1941 1967 1980 1976 1969 1957 1951 1963 1970 1961
108B Male 1999 073J  1957 1976 1999 1999 1997 2010 2019 1999 1983 1987 1965 1939
108B Male 1999 085J  1948 1957 1961 1960 1943 1939 1929 1918 1939 1957 1928 1918
108B Male 1999 097J  1928 1924 1905 1904 1926 1930 1924 1922 1917 1918 1903 1883
108B Male 1999 109J  1875 1886 1871 1854 1865 1860 1843 1848 1865 1871 1840 1832
108B Male 1999 121J  1845 1859 1858 1851 1854 1856 1859 1862 1868 1894 1908 1921
108B Male 1999 133J  1939 1952 1956 1936 1934 1939 1914 1903 1918 1953 1981 1981
108B Male 1999 145J  1984 2001 2008 2010 2013 1987 1941 1933 1927 1944 1948 1940
108B Male 1999 157J  1953 1973 1989 1993 1974 1949 1948 1935 1922 1924 1908 1911
108B Male 1999 169J  1927 1930 1954 1968 1964 1955 1941 1916 1899 1885 1897 1933
108B Male 1999 181J  1945 1924 1948 1979 1987 1995 2006 1991 1957 1960 1949 1907
108B Male 1999 193J  1904 1940 1917 1896 1934 1948 1940 1947 1949 1928 1904 1904
108B Male 1999 205J  1889 1877 1880 1890 1933 1925 1907 1923 1912 1897 1909 1912
108B Male 1999 217J  1898 1896 1903 1890 1895 1916 1919 1894 1882 1890 1899 1904
108B Male 1999 229J  1920 1908 1892 1881 1885 1853 1836 1861 1866 1854 1857 1887
108B Male 1999 241J  1902 1890 1877 1873 1871 1864 1883 1919 1893 1902 1910 1907
108B Male 1999 253J  1901 1890 1892 1900 1910 1909 1916 1920 1908 1906 1915 1931
108B Male 1999 265J  1938 1934 1944 1952 1946 1931 1932 1926 1910 1910 1928 1953
108B Male 1999 277J  1959 1958 1952 1955 1958 1968 1945 1905 1874 1873 1891 1895
108B Male 1999 289J  1887 1876 1891 1901 1898 1876 1860 1864 1883 1889 1863 1838
108B Male 1999 301J  1846 1846 1839 1847 1829 1802 1800 1787 1787 1771 1786 1797
108B Male 1999 313J  1788 1791 1776 1759 1759 1779 1791 1803 1827 1839 1862 1871
108B Male 1999 325J  1852 1847 1866 1863 1854 1875 1891 1891 1880 1890 1906 1910
108B Male 1999 337J  1896 1869 1865 1868 1866 1867 1867 1854 1871 1881 1895 1919
108B Male 1999 349J  1943 1957 1953 1956 1949 1950 1948 1911 1895 1924 1913 1896
108B Male 1999 361J  1887 1872 1871 1871 1882-9999-9999-9999-9999-9999-9999-9999
108B Male 2000 001J  1886 1886 1866 1870 1901 1919 1940 1967 1965 1978 1991 1989
108B Male 2000 013J  2000 2015 2007 2007 1999 1991 1951 1921 1919 1923 1944 1959
108B Male 2000 025J  1970 1965 1961 1936 1903 1896 1885 1867 1878 1908 1928 1929
108B Male 2000 037J  1914 1937 1972 1967 1948 1943 1928 1911 1920 1910 1890 1912
108B Male 2000 049J  1944 1932 1932 1930 1905 1904 1906 1912 1928 1945 1935 1924
108B Male 2000 061J  1937 1934 1918 1959 2000 1970 1969 1986 1968 1974 1993 1981
108B Male 2000 073J  1974 1958 1938 1941 1968 1974 1961 1967 1977 1955 1937 1945
108B Male 2000 085J  1932 1934 1945 1950 1951 1948 1957 1958 1968 1986 1988 1974
108B Male 2000 097J  1965 1960 1956 1937 1927 1948 1957 1954 1950 1947 1955 1947
108B Male 2000 109J  1940 1920 1894 1894 1902 1897 1901 1902 1900 1897 1893 1887
108B Male 2000 121J  1880 1891 1903 1894 1877 1881 1889 1850 1845 1866 1876 1881
108B Male 2000 133J  1878 1875 1890 1895 1880 1893 1928 1917 1897 1912 1912 1888
108B Male 2000 145J  1890 1918 1949 1959 1955 1967 1981 1984 1993 1995 1997 2009
108B Male 2000 157J  2000 2006 1995 1984 1980 1960 1960 1947 1910 1880 1886 1888
108B Male 2000 169J  1886 1902 1924 1930 1889 1879 1889 1897 1892 1883 1874 1874
108B Male 2000 181J  1885 1891 1894 1887 1876 1880 1868 1870 1886 1889 1891 1894
108B Male 2000 193J  1898 1877 1855 1843 1846 1865 1872 1865 1860 1870 1874 1880
108B Male 2000 205J  1880 1875 1888 1878 1863 1880 1898 1894 1893 1897 1900 1894
108B Male 2000 217J  1885 1883 1871 1832 1823 1825 1834 1834 1837 1833 1814 1817
108B Male 2000 229J  1835 1829 1831 1832 1812 1820 1848 1867 1873 1877 1876 1867
108B Male 2000 241J  1844 1833 1836 1849 1850 1840 1850 1866 1870 1886 1890 1886
108B Male 2000 253J  1868 1867 1894 1899 1890 1883 1896 1920 1919 1897 1885 1865
108B Male 2000 265J  1852 1899 1944 1930 1911 1903 1910 1910 1915 1908 1892 1885
108B Male 2000 277J  1880 1864 1843 1847 1879 1873 1862 1856 1855 1841 1842 1845
108B Male 2000 289J  1849 1846 1851 1852 1848 1856 1854 1851 1879 1886 1857 1844
108B Male 2000 301J  1832 1808 1819 1837 1828 1814 1826 1845 1846 1842 1850 1851
108B Male 2000 313J  1847 1845 1862 1870 1863 1852 1833 1820 1805 1836 1886 1909
108B Male 2000 325J  1910 1913 1895 1870 1871 1867 1863 1875 1867 1854 1833 1821
108B Male 2000 337J  1824 1844 1869 1885 1911 1912 1895 1896 1904 1905 1876 1855
108B Male 2000 349J  1869 1861 1844 1836 1849 1851 1846 1841 1849 1834 1816 1821
108B Male 2000 361J  1821 1828 1843 1855 1872 1905-9999-9999-9999-9999-9999-9999
108B Male 2001 001J  1943 1959 1948 1943 1946 1927 1910 1902 1889 1881 1896 1919
108B Male 2001 013J  1929 1930 1927 1937 1937 1910 1907 1914 1882 1858 1867 1857
108B Male 2001 025J  1856 1852 1852 1885 1909 1938 1956 1940 1936 1937 1922 1917
108B Male 2001 037J  1920 1927 1954 1940 1909 1876 1879 1902 1896 1873 1860 1844
108B Male 2001 049J  1844 1854 1870 1871 1884 1902 1883 1888 1909 1922 1902 1890
108B Male 2001 061J  1895 1890 1883 1906 1909 1904 1918 1913 1909 1917 1931 1912
108B Male 2001 073J  1881 1855 1872 1899 1896 1891 1901 1894 1898 1925 1929 1921
108B Male 2001 085J  1906 1927 1952 1949 1930 1926 1931 1920 1923 1917 1923 1952
108B Male 2001 097J  1958 1952 1959 1961 1951 1937 1921 1896 1868 1878 1924 1964
108B Male 2001 109J  1961 1958 1965 1954 1933 1907 1888 1895 1898 1889 1910 1927
108B Male 2001 121J  1912 1895 1915 1916 1897 1899 1911 1917 1897 1878 1855 1845
108B Male 2001 133J  1842 1854 1851 1864 1869 1862 1868 1879 1885 1873 1858 1873
108B Male 2001 145J  1881 1856 1865 1878 1877 1913 1917 1894 1872 1887 1906 1892
108B Male 2001 157J  1898 1923 1915 1906 1897 1895 1909 1905 1906 1934 1947 1948
108B Male 2001 169J  1950 1943 1915 1917 1948 1943 1931 1931 1915 1898 1903 1916
108B Male 2001 181J  1929 1920 1913 1922 1910 1917 1923 1909 1907 1938 1940 1934
108B Male 2001 193J  1906 1873 1879 1901 1894 1897 1898 1903 1932 1925 1915 1928
108B Male 2001 205J  1929 1923 1907 1907 1878 1853 1870 1899 1889 1871 1859 1851
108B Male 2001 217J  1862 1860 1836 1829 1846 1858 1857 1862 1867 1842 1847 1864
108B Male 2001 229J  1856 1847 1861 1887 1884 1880 9999 9999 9999 9999 9999 9999
108B Male 2001 241J  9999 1819 1841 1837 1837 1843 9999 9999 9999 9999 9999 9999
108B Male 2001 253J  9999 9999 9999 9999 9999 9999 9999 1865 1874 1874 1876 1858
108B Male 2001 265J  1859 1852 1838 1836 1834 1843 1871 1877 1869 1872 1858 1832
108B Male 2001 277J  1824 1833 1826 1828 1820 1802 1793 1798 1835 1853 1869 1884
108B Male 2001 289J  1873 1858 1831 1801 1776 1782 1791 1799 1801 1794 1796 1777
108B Male 2001 301J  1779 1796 1792 1792 1776 1762 1752 1746 1759 1788 1827 1830
108B Male 2001 313J  1827 1848 1867 1869 1850 1844 1816 1795 1797 1787 1786 1774
108B Male 2001 325J  1782 1807 1839 1834 1816 1826 1839 1831 1832 1838 1849 1864
108B Male 2001 337J  1883 1900 1887 1864 1851 1852 1849 1828 1796 1783 1780 1759
108B Male 2001 349J  1735 1723 1733 1748 1764 1777 1787 1822 1843 1844 1827 1826
108B Male 2001 361J  1830 1837 1851 1874 1885-9999-9999-9999-9999-9999-9999-9999
108B Male 2002 001J  1897 1905 1908 1922 1926 1932 1916 1893 1892 1892 1896 1911
108B Male 2002 013J  1910 1903 1895 1883 1895 1913 1905 1894 1910 1917 1916 1905
108B Male 2002 025J  1901 1886 1865 1854 1854 1875 1881 1893 1897 1895 1892 1890
108B Male 2002 037J  1910 1916 1909 1897 1906 1910 1892 1869 1872 1860 1884 1887
108B Male 2002 049J  1868 1862 1841 1836 1837 1850 1857 1863 1879 1906 1941 1950
108B Male 2002 061J  1949 1953 1964 1957 1948 1940 1938 1943 1927 1914 1912 1920
108B Male 2002 073J  1932 1934 1927 1930 1940 1935 1923 1929 1926 1910 1930 1962
108B Male 2002 085J  1960 1957 1966 1957 1931 1913 1917 1926 1932 1957 1963 1920
108B Male 2002 097J  1916 1924 1934 1954 1962 1987 1979 1973 1960 1937 1936 1933
108B Male 2002 109J  1922 1929 1934 1955 1977 2006 2018 2025 2013 2001 2008 1990
108B Male 2002 121J  1969 1978 1994 1973 1968 1981 1980 1990 1981 1947 1948 1939
108B Male 2002 133J  1894 1878 1903 1902 1887 1893 1911 1940 1936 1893 1891 1905
108B Male 2002 145J  1877 1874 1878 1882 1898 1898 1880 1866 1867 1868 1869 1874
108B Male 2002 157J  1878 1860 1852 1860 1861 1868 1870 1874 1899 1917 1928 1913
108B Male 2002 169J  1902 1910 1910 1910 1912 1910 1900 1895 1917 1914 1903 1918
108B Male 2002 181J  1910 1917 1926 1919 1927 1936 1922 1919 1926 1897 1881 1894
108B Male 2002 193J  1908 1911 1910 1902 1886 1877 1872 1849 1830 1844 1849 1831
108B Male 2002 205J  1821 1844 1859 1864 1888 1879 1893 1893 1883 1893 1891 1877
108B Male 2002 217J  1869 1853 1851 1870 1883 1881 1862 1873 1894 1896 1876 1853
108B Male 2002 229J  1837 1844 1844 1851 1876 1891 1882 1883 1892 1871 1862 1861
108B Male 2002 241J  1866 1845 1829 1835 1846 1832 1839 1860 1866 1878 1890 1889
108B Male 2002 253J  1872 1881 1897 1883 1874 1896 1875 1855 1868 1905 1921 1939
108B Male 2002 265J  1951 1961 1962 1935 1902 1887 1890 1894 1889 1905 1925 1931
108B Male 2002 277J  1945 1978 2000 1951 1914 1899 1890 1891 1890 1886 1894 1897
108B Male 2002 289J  1889 1892 1889 1893 1892 1903 1906 1888 1875 1860 1853 1858
108B Male 2002 301J  1855 1856 1863 1878 1898 1905 1904 1895 1867 1852 1849 1852
108B Male 2002 313J  1864 1869 1891 1895 1868 1848 1850 1864 1869 1879 1888 1889
108B Male 2002 325J  1880 1881 1895 1884 1859 1860 1858 1843 1826 1827 1846 1846
108B Male 2002 337J  1830 1815 1808 1805 1829 1845 1858 1862 1846 1834 1825 1838
108B Male 2002 349J  1870 1896 1919 1940 1927 1910 1931 1924 1903 1898 1902 1904
108B Male 2002 361J  1900 1903 1891 1881 1862-9999-9999-9999-9999-9999-9999-9999
108B Male 2003 001J  1828 1805 1804 1801 1801 1816 1833 1825 1821 1830 1835 1850
108B Male 2003 013J  1857 1872 1852 1841 1838 1861 1881 1890 1905 1930 1936 1933
108B Male 2003 025J  1935 1915 1891 1889 1884 1870 1859 1858 1858 1867 1881 1897
108B Male 2003 037J  1916 1929 1942 1934 1938 1940 1917 1901 1894 1903 1908 1912
108B Male 2003 049J  1924 1908 1902 1880 1881 1898 1876 1855 1860 1879 1868 1848
108B Male 2003 061J  1871 1886 1872 1888 1895 1882 1878 1886 1865 1871 1888 1893
108B Male 2003 073J  1885 1909 1930 1952 1961 1949 1955 1965 1954 1922 1905 1925
108B Male 2003 085J  1923 1936 1956 1968 1979 1981 1982 1969 1961 1955 1965 1972
108B Male 2003 097J  1944 1928 1911 1907 1921 1949 1957 1967 1987 2005 2026 2023
108B Male 2003 109J  2001 1973 1960 1962 1956 1982 2021 2024 2010 1999 1998 1996
108B Male 2003 121J  2011 2012 1988 1997 2006 1991 1988 2004 2020 2008 1998 2005
108B Male 2003 133J  1983 1979 1982 1939 1909 1894 1874 1864 1877 1891 1877 1880
108B Male 2003 145J  1892 1876 1853 1854 1863 1843 1835 1840 1837 1858 1858 1865
108B Male 2003 157J  1877 1885 1909 1947 1962 1933 1894 1912 1915 1903 1892 1926
108B Male 2003 169J  1963 2004 2027 2022 2039 2048 2050 2036 2015 2000 1987 1996
108B Male 2003 181J  2015 2008 2008 2012 2017 2037 2043 2036 2031 2000 1983 1988
108B Male 2003 193J  1975 1966 1969 1984 2005 2004 1986 1977 1978 1957 1916 1917
108B Male 2003 205J  1952 1958 1937 1935 1945 1960 1982 1997 1953 1913 1914 1921
108B Male 2003 217J  1913 1906 1913 1925 1929 1902 1877 1890 1905 1888 1880 1888
108B Male 2003 229J  1903 1909 1903 1901 1893 1867 1846 1847 1839 1818 1814 1842
108B Male 2003 241J  1857 1863 1891 1885 1862 1839 1832 1818 1806 1809 1822 1844
108B Male 2003 253J  1853 1866 1868 1879 1898 1906 1888 1860 1846 1827 1813 1818
108B Male 2003 265J  1852 1877 1888 1908 1920 1921 1918 1891 1885 1871 1844 1830
108B Male 2003 277J  1848 1882 1870 1880 1905 1897 1884 1875 1871 1847 1825 1806
108B Male 2003 289J  1805 1803 1804 1812 1800 1820 1847 1853 1879 1899 1911 1901
108B Male 2003 301J  1866 1859 1855 1859 1859 1861 1852 1849 1871 1902 1917 1924
108B Male 2003 313J  1913 1875 1839 1838 1856 1859 1866 1889 1900 1887 1887 1908
108B Male 2003 325J  1910 1903 1881 1860 1842 1831 1825 1853 1876 1878 1883 1879
108B Male 2003 337J  1897 1908 1897 1849 1825 1818 1824 1826 1834 1836 1846 1867
108B Male 2003 349J  1898 1918 1928 1934 1955 1942 1912 1893 1871 1870 1891 1902
108B Male 2003 361J  1890 1916 1942 1935 1936-9999-9999-9999-9999-9999-9999-9999
108B Male 2004 001J  1921 1906 1898 1884 1872 1859 1861 1869 1886 1902 1904 1924
108B Male 2004 013J  1921 1927 1947 1930 1902 1921 1937 1929 1931 1939 1947 1962
108B Male 2004 025J  1960 1965 1968 1956 1943 1940 1935 1923 1914 1891 1898 1911
108B Male 2004 037J  1922 1919 1922 1953 1946 1906 1893 1893 1873 1864 1893 1883
108B Male 2004 049J  1858 1853 1868 1885 1884 1903 1931 1944 1928 1923 1906 1898
108B Male 2004 061J  1928 1941 1930 1941 1964 1956 1967 1977 1979 1978 1971 1938
108B Male 2004 073J  1900 1885 1915 1946 1933 1939 1970 1974 1965 1980 1974 1950
108B Male 2004 085J  1938 1945 1939 1925 1919 1918 1905 1896 1930 1950 1941 1945
108B Male 2004 097J  1958 1949 1925 1923 1940 1924 1907 1936 1972 1975 1975 2001
108B Male 2004 109J  2003 1989 1960 1943 1959 1978 1990 2002 1988 1986 2006 2041
108B Male 2004 121J  2067 2054 2046 2038 2018 1997 1998 2010 2001 1970 1968 1974
108B Male 2004 133J  1954 1946 1944 1910 1873 1869 1880 1898 1906 1902 1892 1890
108B Male 2004 145J  1878 1872 1857 1863 1909 1914 1887 1896 1922 1913 1890 1859
108B Male 2004 157J  1862 1900 1898 1910 1929 1956 2008 2018 2003 1995 1967 1955
108B Male 2004 169J  1954 1933 1924 1917 1914 1931 1985 2017 2038 2044 2007 1978
108B Male 2004 181J  1956 1949 1968 2001 2010 1995 1975 1984 1987 2004 1996 1961
108B Male 2004 193J  1945 1940 1916 1915 1923 1945 1987 1992 1976 1955 1946 1958
108B Male 2004 205J  1982 1989 1961 1956 1973 1972 1952 1948 1961 1974 1968 1969
108B Male 2004 217J  1987 2010 2019 1981 1935 1913 1898 1902 1925 1943 1932 1930
108B Male 2004 229J  1950 1957 1950 1940 1931 1921 1922 1913 1897 1894 1901 1925
108B Male 2004 241J  1946 1941 1928 1914 1899 1881 1861 1854 1838 1841 1859 1871
108B Male 2004 253J  1860 1870 1855 1842 1832 1811 1815 1820 1820 1813 1823 1839
108B Male 2004 265J  1838 1846 1837 1834 1845 1849 1840 1834 1838 1815 1797 1786
108B Male 2004 277J  1796 1832 1847 1836 1817 1804 1815 1816 1799 1800 1821 1828
108B Male 2004 289J  1831 1847 1830 1824 1840 1827 1823 1831 1852 1854 1835 1867
108B Male 2004 301J  1895 1880 1863 1854 1837 1828 1841 1862 1861 1872 1904 1929
108B Male 2004 313J  1937 1927 1898 1887 1864 1867 1877 1875 1875 1871 1867 1893
108B Male 2004 325J  1932 1926 1897 1880 1883 1888 1885 1862 1854 1836 1844 1872
108B Male 2004 337J  1896 1887 1875 1884 1886 1879 1894 1890 1872 1873 1872 1866
108B Male 2004 349J  1875 1898 1893 1914 1924 1901 1918 1945 1925 1884 1872 1890
108B Male 2004 361J  1913 1890 1864 1887 1891 1876-9999-9999-9999-9999-9999-9999
108B Male 2005 001J  1879 1879 1893 1895 1862 1854 1857 1843 1821 1823 1847 1853
108B Male 2005 013J  1853 1876 1877 1874 1878 1853 1845 1853 1843 1832 1831 1834
108B Male 2005 025J  1850 1861 1861 1874 1882 1880 1887 1880 1886 1891 1876 1875
108B Male 2005 037J  1879 1882 1870 1879 1885 1865 1880 1902 1900 1892 1881 1859
108B Male 2005 049J  1864 1870 1867 1863 1876 1899 1918 1937 1938 1919 1904 1906
108B Male 2005 061J  1881 1873 1857 1843 1841 1865 1878 1870 1884 1871 1888 1888
108B Male 2005 073J  1865 1837 1842 1870 1867 1854 1859 1896 1921 1930 1940 1937
108B Male 2005 085J  1928 1943 1933 1901 1883 1901 1913 1891 1882 1916 1930 1931
108B Male 2005 097J  1945 1968 1962 1919 1891 1889 1885 1860 1859 1861 1858 1876
108B Male 2005 109J  1886 1894 1914 1930 1935 1930 1928 1917 1896 1912 1918 1916
108B Male 2005 121J  1908 1898 1917 1947 1982 1995 1982 1944 1917 1900 1905 1914
108B Male 2005 133J  1929 1900 1901 1937 1933 1945 1966 1977 1964 1928 1889 1876
108B Male 2005 145J  1870 1870 1874 1886 1904 1926 1939 1923 1927 1915 1883 1873
108B Male 2005 157J  1882 1890 1894 1885 1885 1874 1878 1902 1912 1897 1906 1922
108B Male 2005 169J  1896 1886 1876 1849 1829 1812 1854 1900 1888 1885 1888 1886
108B Male 2005 181J  1874 1858 1859 1857 1870 1881 1889 1911 1942 1945 1955 1962
108B Male 2005 193J  1966 1986 1978 1975 1956 1928 1904 1882 1876 1904 1927 1916
108B Male 2005 205J  1919 1936 1948 1966 1956 1928 1946 1926 1879 1877 1887 1884
108B Male 2005 217J  1879 1914 1969 1979 1977 1966 1945 1952 1971 1953 1922 1915
108B Male 2005 229J  1924 1945 1962 1985 1972 1966 1975 1954 1914 1900 1916 1925
108B Male 2005 241J  1902 1869 1876 1886 1890 1893 1874 1861 1860 1847 1833 1818
108B Male 2005 253J  1829 1822 1796 1775 1783 1803 1795 1784 1785 1796 1807 1833
108B Male 2005 265J  1840 1810 1780 1780 1790 1790 1785 1776 1770 1785 1824 1835
108B Male 2005 277J  1834 1829 1813 1800 1772 1769 1789 1801 1817 1843 1875 1900
108B Male 2005 289J  1910 1908 1868 1829 1825 1826 1803 1799 1811 1810 1787 1796
108B Male 2005 301J  1818 1827 1836 9999 9999 9999 9999 9999 9999 9999 9999 9999
108B Male 2005 313J  9999 9999 9999 9999 9999 9999 9999 9999 9999 9999 9999 9999
108B Male 2005 325J  9999 9999 9999 1832 1872 1879 1876 1903 1906 1884 1851 1833
108B Male 2005 337J  1824 1827 1841 1852 1882 1941 1969 1957 1957 1950 1924 1882
108B Male 2005 349J  1867 1860 1841 1836 1841 1835 1831 1839 1838 1830 1824 1822
108B Male 2005 361J  1828 1823 1833 1848 1864-9999-9999-9999-9999-9999-9999-9999
108B Male 2006 001J  1887 1911 1941 1931 1922 1920 1919 1896 1876 1873 1871 1891
108B Male 2006 013J  1893 1894 1908 1888 1888 1908 1926 1906 1897 1893 1873 1854
108B Male 2006 025J  1836 1829 1853 1888 1892 1890 1892 1889 1898 1905 1915 1913
108B Male 2006 037J  1888 1870 1857 1846 1855 1874 1882 1888 1892 1904 1915 1929
108B Male 2006 049J  1935 1917 1899 1901 1900 1900 1908 1918 1941 1969 1987 1979
108B Male 2006 061J  1973 1953 1945 1941 1905 1900 1897 1890 1910 1928 1920 1915
108B Male 2006 073J  1929 1955 1942 1913 1912 1894 1890 1891 1896 1898 1901 1902
108B Male 2006 085J  1907 1928 1935 1931 1909 1907 1927 1913 1876 1885 1884 1864
108B Male 2006 097J  1862 1880 1922 1928 1910 1930 1935 1916 1896 1882 1882 1876
108B Male 2006 109J  1869 1883 1902 1917 1934 1935 1907 1894 1900 1908 1905 1879
108B Male 2006 121J  1866 1868 1859 1850 1863 1877 1888 1887 1881 9999 9999 1897
108B Male 2006 133J  1877 1878 1876 1859 1864 1860 1875 1898 1913 1920 1933 1935
108B Male 2006 145J  1913 1903 1902 1905 1911 1919 1924 1939 1964 1973 1970 1975
108B Male 2006 157J  1986 1974 1959 1958 1973 1962 1951 1974 1998 1999 1992 2013
108B Male 2006 169J  2021 2012 1997 1999 1990 1984 1980 1974 1956 1955 1969 1959
108B Male 2006 181J  1958 1980 1995 2003 2027 2035 2022 2000 1985 1968 1973 1987
108B Male 2006 193J  1977 1983 1988 1977 1988 2009 2022 1996 1960 1950 1932 1918
108B Male 2006 205J  1923 1940 1947 1926 1914 1922 1921 1906 1888 1888 1886 1884
108B Male 2006 217J  1866 1864 1889 1909 1911 1921 1964 1983 1975 1959 1956 1949
108B Male 2006 229J  1943 1940 1907 1896 1928 1926 1905 1920 1964 1974 1951 1948
108B Male 2006 241J  1954 1957 1960 1950 1922 1913 1915 1929 1934 1939 1923 1917
108B Male 2006 253J  1925 1903 1883 1868 1865 1868 1879 1905 1906 1899 1905 1892
108B Male 2006 265J  1875 1892 1904 1902 1899 1901 1914 1901 1895 1904 1926 1928
108B Male 2006 277J  1914 1929 1934 1937 1925 1894 1853 1849 1862 1871 1890 1911
108B Male 2006 289J  1921 1931 1931 1937 1933 1936 1937 1927 1930 1929 1938 1935
108B Male 2006 301J  1916 1930 1963 1986 1995 1988 1988 1999 1987 1958 1938 1932
108B Male 2006 313J  1919 1909 1909 1923 1947 1971 1958 1944 1947 1918 1902 1880
108B Male 2006 325J  1868 1877 1887 1883 1891 1896 1895 1899 1906 1907 1903 1895
108B Male 2006 337J  1910 1909 1888 1868 1857 1881 1903 1908 1917 1923 1919 1908
108B Male 2006 349J  1902 1895 1894 1877 1852 1875 1910 1909 1913 1943 1976 1972
108B Male 2006 361J  1945 1942 1937 1911 1901-9999-9999-9999-9999-9999-9999-9999
108B Male 2007 001J  1917 1908 1885 1884 1902 1898 1882 1877 1863 1847 1847 1872
108B Male 2007 013J  1847 1825 1832 1815 1803 1831 1854 1862 1871 1893 1894 1892
108B Male 2007 025J  1896 1885 1879 1871 1852 1834 1830 1844 1872 1879 1898 1906
108B Male 2007 037J  1891 1852 1838 1855 1864 1854 1834 1852 1865 1881 1903 1917
108B Male 2007 049J  1929 1942 1953 1966 1950 1929 1899 1890 1880 1882 1887 1861
108B Male 2007 061J  1872 1901 1883 1867 1859 1876 1894 1882 1867 1856 1852 1863
108B Male 2007 073J  1872 1881 1903 1930 1950 1958 1935 1904 1899 1923 1907 1893
108B Male 2007 085J  1920 1941 1938 1930 1924 1923 1951 1974 1975 1983 2000 1983
108B Male 2007 097J  1938 1930 1963 1967 1960 1983 2011 2007 2003 2024 2025 1985
108B Male 2007 109J  1934 1930 1929 1921 1937 1960 1973 1973 1972 1973 1956 1931
108B Male 2007 121J  1915 1925 1922 1934 1943 1946 1933 1937 1953 1953 1951 1967
108B Male 2007 133J  1988 1982 1987 1961 1924 1900 1886 1879 1886 1902 1902 1916
108B Male 2007 145J  1930 1943 1950 1951 1959 1970 1989 2004 1991 1965 1978 1989
108B Male 2007 157J  1980 1988 2044 2077 2074 2078 2073 2058 2040 2041 2059 2051
108B Male 2007 169J  2057 2073 2078 2071 2084 2120 2103 2049 2034 2039 2016 1995
108B Male 2007 181J  1982 1975 1984 1996 2000 1986 1969 1967 1961 1975 1976 1966
108B Male 2007 193J  1968 1954 1929 1939 1954 1950 1954 1966 1959 1953 1944 1927
108B Male 2007 205J  1926 1903 1870 1857 1878 1889 1889 1901 1900 1918 1939 1931
108B Male 2007 217J  1913 1902 1898 1872 1867 1875 1895 1903 1886 1879 1895 1920
108B Male 2007 229J  1932 1914 1918 1945 1954 1918 1881 1885 1889 1892 1906 1930
108B Male 2007 241J  1940 1952 1953 1956 1937 1917 1928 1926 1914 1921 1933 1954
108B Male 2007 253J  1949 1929 1939 1959 1950 1938 1908 1888 1888 1878 1898 1906
108B Male 2007 265J  1905 1931 1944 1940 1927 1905 1885 1859 1835 1815 1840 1873
108B Male 2007 277J  1887 1902 1918 1910 1907 1919 1930 1914 1893 1899 1895 1908
108B Male 2007 289J  1931 1932 1922 1903 1913 1938 1969 1993 1982 1937 1909 1897
108B Male 2007 301J  1887 1878 1898 1924 1919 1919 1913 1904 1913 1915 1908 1910
108B Male 2007 313J  1902 1886 1873 1868 1849 1851 1862 1840 1843 1876 1882 1875
108B Male 2007 325J  1880 1878 1845 1821 1848 1870 1862 1838 1865 1908 1933 1911
108B Male 2007 337J  1909 1930 1926 1930 1935 1945 1946 1954 1958 1961 1968 1973
108B Male 2007 349J  1989 2039 2088 2094 2100 2084 2076 2049 2027 2037 2017 1976
108B Male 2007 361J  1960 1995 1999 1988 1976-9999-9999-9999-9999-9999-9999-9999
108B Male 2008 001J  1966 1951 1920 1919 1894 1861 1859 1861 1855 1885 1919 1941
108B Male 2008 013J  1947 1937 1928 1922 1901 1883 1908 1936 1960 1979 1995 2004
108B Male 2008 025J  2011 2029 2028 2018 2021 2024 2020 1999 1983 1976 1972 1955
108B Male 2008 037J  1939 1966 1977 1977 1970 1976 1963 1953 1966 1952 1899 1897
108B Male 2008 049J  1940 1925 1924 1956 1961 1944 1953 1942 1933 1962 1964 1954
108B Male 2008 061J  1968 1987 2003 2021 2012 2031 2051 2055 2046 2015 2021 2028
108B Male 2008 073J  2012 2002 2016 2051 2054 2041 2052 2031 1991 2000 1989 1991
108B Male 2008 085J  1988 1966 1970 1965 1952 1921 1929 1966 1967 1957 1964 1975
108B Male 2008 097J  1982 1981 1985 1995 1968 1958 1989 2014 2021 2024 2015 1997
108B Male 2008 109J  1999 1999 1986 1969 1953 1935 1919 1927 1961 1986 1977 1984
108B Male 2008 121J  2012 2013 1986 1985 1993 1985 1970 1971 1973 1977 1980 2017
108B Male 2008 133J  2030 2029 2031 2006 1993 2003 1998 1997 2006 2005 2028 2050
108B Male 2008 145J  2072 2079 2070 2094 2133 2117 2080 2084 2097 2076 2055 2070
108B Male 2008 157J  2085 2076 2060 2070 2080 2084 2064 2047 2050 2038 2019 2023
108B Male 2008 169J  2020 2004 2012 2015 1993 1990 1983 1983 1993 1997 1973 1969
108B Male 2008 181J  1977 1990 1976 1965 1965 1971 1984 1993 1986 1988 1987 1995
108B Male 2008 193J  2004 1996 2003 1988 1959 1965 1953 1956 1989 2021 2041 2023
108B Male 2008 205J  2002 1975 1970 1964 1938 1937 1955 1984 1976 1978 2010 2016
108B Male 2008 217J  1986 1963 1950 1921 1911 1911 1913 1918 1923 1922 1937 1942
108B Male 2008 229J  1967 1965 1958 1965 1968 1971 1970 1965 1955 1958 1946 1945
108B Male 2008 241J  1968 1977 1962 1961 1976 1985 1987 1967 1957 1949 1951 1959
108B Male 2008 253J  1945 1942 1952 1947 1942 1943 1944 1945 1939 1937 1946 1937
108B Male 2008 265J  1932 1950 1955 1949 1953 1967 1978 1982 1981 1977 1971 1972
108B Male 2008 277J  1975 1957 1958 1977 1972 1962 1965 1983 1986 2000 2049 2071
108B Male 2008 289J  2055 2024 2005 1976 1977 2011 2018 2010 2010 1995 1974 1985
108B Male 2008 301J  2010 2010 1957 1923 1917 1895 1884 1908 1912 1919 1937 1947
108B Male 2008 313J  1947 1948 1981 1984 1982 1973 1958 1958 1956 1956 1942 1944
108B Male 2008 325J  1955 1965 1970 1964 1974 1982 1965 1951 1942 1927 1920 1920
108B Male 2008 337J  1942 1953 1970 1992 1989 2013 2014 2003 2016 1982 1960 1960
108B Male 2008 349J  1942 1946 1940 1954 1962 1950 1949 1958 1940 1927 1904 1905
108B Male 2008 361J  1890 1870 1887 1888 1896 1908-9999-9999-9999-9999-9999-9999
108B Male 2009 001J  1900 1918 1937 1927 1925 1933 1943 1943 1930 1920 1933 1947
108B Male 2009 013J  1942 1958 1966 1935 1927 1935 1928 1905 1900 1908 1919 1936
108B Male 2009 025J  1954 1952 1948 1952 1967 1988 1977 1963 1964 1954 1926 1915
108B Male 2009 037J  1917 1932 1948 1967 1968 1951 1947 1953 1949 1929 1911 1902
108B Male 2009 049J  1904 1919 1928 1918 1922 1935 1954 1973 1977 1986 1984 1955
108B Male 2009 061J  1944 1955 1929 1914 1942 1973 1997 2013 2014 2010 2006 1989
108B Male 2009 073J  1993 1989 1961 1940 1940 1936 1930 1971 1995 1985 1988 2003
108B Male 2009 085J  2004 1996 2010 2009 1976 1999 2017 2000 1986 2000 2008 2007
108B Male 2009 097J  2026 2042 2035 1998 2004 2006 1987 1972 1968 1970 1941 1937
108B Male 2009 109J  1982 1997 1972 1987 2024 1979 1938 1942 1952 1945 1929 1951
108B Male 2009 121J  1985 1985 1987 2013 2018 2020 2019 1990 1972 1964 1961 1988
108B Male 2009 133J  1983 1976 1972 1960 1971 1995 2009 1994 1972 1976 1965 1970
108B Male 2009 145J  1971 1959 1954 1937 1918 1949 1961 1949 1948 1954 1954 1929
108B Male 2009 157J  1915 1917 1908 1894 1893 1923 1942 1948 1961 1955 1937 1933
108B Male 2009 169J  1954 1957 1934 1916 1925 1937 1942 1958 1970 1968 1972 1984
108B Male 2009 181J  1996 1988 1975 1980 1950 1944 1955 1958 1958 1966 1983 1993
108B Male 2009 193J  1963 1963 1991 1994 1980 1979 2006 1986 1949 1945 1955 1960
108B Male 2009 205J  1946 1958 1959 1964 1952 1945 1940 1913 1888 1884 1904 1911
108B Male 2009 217J  1908 1916 1942 1959 1963 1966 1945 1917 1889 1874 1872 1870
108B Male 2009 229J  1874 1887 1896 1896 1899 1895 1865 1852 1859 1838 1804 1812
108B Male 2009 241J  1847 1852 1857 1863 1871 1897 1900 1891 1885 1884 1875 1872
108B Male 2009 253J  1861 1835 1830 1847 1850 1876 1905 1896 1879 1881 1878 1869
108B Male 2009 265J  1871 1863 1831 1823 1847 1849 1851 1863 1887 1904 1895 1902
108B Male 2009 277J  1900 1881 1878 1879 1872 1867 1854 1847 1859 1866 1877 1923
108B Male 2009 289J  1947 1941 1939 1921 1903 1896 1904 1916 1936 1959 1952 1946
108B Male 2009 301J  1980 1984 1973 1992 2017 2019 2017 1985 1971 1970 1985 2002
108B Male 2009 313J  2007 1988 1989 1999 1979 1936 1920 1918 1907 1905 1907 1895
108B Male 2009 325J  1905 1907 1875 1865 1874 1871 1874 1865 1844 1831 1838 1849
108B Male 2009 337J  1845 1855 1881 1895 1913 1945 1938 1931 1939 1933 1919 1916
108B Male 2009 349J  1919 1932 1942 1955 1967 1957 1945 1946 1961 1953 1954 1971
108B Male 2009 361J  1981 1997 1988 1960 1968-9999-9999-9999-9999-9999-9999-9999
108B Male 2010 001J  1993 1979 1974 2000 2008 2009 2003 1992 1958 1935 1923 1902
108B Male 2010 013J  1912 1935 1924 1906 1894 1922 1919 1891 1882 1884 1878 1891
108B Male 2010 025J  1914 1911 1901 1897 1896 1902 1890 1894 1904 1907 1904 1881
108B Male 2010 037J  1870 1879 1891 1908 1904 1906 1928 1953 1979 2001 2013 1989
108B Male 2010 049J  1978 1977 1952 1957 1981 1974 1967 2001 2003 1988 1998 2014
108B Male 2010 061J  2007 2002 1997 1979 1958 1931 1933 1949 1958 1943 1936 1952
108B Male 2010 073J  1963 1970 1980 1979 1972 1953 1958 1971 1968 1963 1981 2010
108B Male 2010 085J  2013 2026 2048 2036 2035 2027 2015 2011 2010 2003 1991 1991
108B Male 2010 097J  2006 2014 2020 2024 2027 2025 1982 1990 2004 1984 1961 1962
108B Male 2010 109J  1988 1978 1963 1970 1977 1977 1989 1973 1957 1952 1940 1943
108B Male 2010 121J  1947 1945 1966 1991 1979 1984 2007 1998 1994 2009 2007 1988
108B Male 2010 133J  1967 1958 1964 1948 1928 1937 1969 1960 1961 1985 1990 1989
108B Male 2010 145J  1963 1945 1946 1952 1922 1911 1935 1939 1922 1920 1952 1957
108B Male 2010 157J  1957 1965 1965 1992 2001 2011 2039 2026 2002 2003 2007 2012
108B Male 2010 169J  2018 2038 2055 2056 2055 2028 2003 2002 2026 2044 2043 2032
108B Male 2010 181J  2019 2001 2027 2053 2057 2027 2029 2023 1988 1969 1981 1957
108B Male 2010 193J  1921 1931 1966 1993 2010 2010 2008 1981 1950 1948 1929 1896
108B Male 2010 205J  1882 1908 1934 1935 1953 1973 1975 1984 1964 1935 1931 1936
108B Male 2010 217J  1925 1921 1935 1952 1962 1973 1975 1987 1996 1976 1939 1923
108B Male 2010 229J  1901 1896 1908 1905 1922 1936 1944 1938 1936 1928 1915 1931
108B Male 2010 241J  1924 1898 1892 1900 1901 1906 1918 1934 1938 1939 1940 1945
108B Male 2010 253J  1945 1937 1915 1887 1894 1909 1924 1943 1947 1940 1940 1933
108B Male 2010 265J  1952 1955 1944 1914 1925 1920 1891 1885 1915 1929 1927 1948
108B Male 2010 277J  1978 1951 1902 1900 1922 1896 1865 1867 1871 1885 1888 1873
108B Male 2010 289J  1893 1910 1878 1856 1870 1879 1895 1884 1868 1866 1850 1850
108B Male 2010 301J  1869 1889 1915 1912 1890 1885 1877 1876 1874 1878 1872 1844
108B Male 2010 313J  1837 1847 1869 1884 1901 1917 1905 1881 1877 1892 1893 1897
108B Male 2010 325J  1918 1918 1912 1899 1881 1911 1929 1938 1937 1927 1935 1925
108B Male 2010 337J  1928 1945 1937 1940 1943 1904 1874 1879 1874 1878 1880 1877
108B Male 2010 349J  1883 1887 1903 1922 1938 1933 1925 1938 1957 1996 1990 1973
108B Male 2010 361J  1965 1958 1947 1944 1948-9999-9999-9999-9999-9999-9999-9999
108B Male 2011 001J  1946 1959 1956 1951 1957 1943 1945 1945 1953 1946 1928 1931
108B Male 2011 013J  1919 1895 1882 1887 1893 1911 1951 1941 1931 1951 1976 1978
108B Male 2011 025J  1965 1943 1942 1937 1951 1972 1980 1979 1978 1978 1994 2008
108B Male 2011 037J  2004 2012 2030 2024 1984 1989 1998 1987 1954 1962 1989 1994
108B Male 2011 049J  1978 1985 1973 1957 1970 1965 1950 1952 1957 1959 1964 1976
108B Male 2011 061J  1990 1993 1984 1972 1964 1946 1941 1962 1955 1976 1995 1990
108B Male 2011 073J  1990 2000 2017 2021 2019 2030 2020 2010 2021 2021 1999 1977
108B Male 2011 085J  1975 1956 1950 1960 1953 1946 1961 1957 1940 1946 1960 1974
108B Male 2011 097J  1967 1966 1971 1959 1964 1977 1976 1968 1990 2018 2007 1974
108B Male 2011 109J  1961 1979 1969 1933 1934 1958 1965 1972 1978 1956 1942 1953
108B Male 2011 121J  1957 1937 1927 1927 1918 1898 1895 1911 1938 1954 1956 1974
108B Male 2011 133J  1968 1963 1968 1943 1918 1925 1919 1925 1948 1961 1954 1950
108B Male 2011 145J  1958 1970 1951 1947 1960 1948 1940 1943 1967 1984 1978 1967
108B Male 2011 157J  1976 1996 1997 1998 2000 2000 1990 1965 1960 1959 1962 1953
108B Male 2011 169J  1960 2003 1995 1978 1982 1983 1960 1964 1973 1963 1945 1948
108B Male 2011 181J  1940 1918 1931 1952 1956 1974 1992 1993 1959 1928 1908 1902
108B Male 2011 193J  1909 1932 1930 1948 1964 1994 2022 2005 1986 1950 1925 1915
108B Male 2011 205J  1915 1917 1916 1928 1945 1959 1978 1992 1986 1983 1983 1974
108B Male 2011 217J  1972 1979 1976 1955 1946 1967 1955 1930 1949 1973 1983 1982
108B Male 2011 229J  1992 1987 1957 1951 1956 1940 1916 1926 1958 1957 1956 1967
108B Male 2011 241J  1995 2028 2058 2048 2033 2021 1988 1995 1991 1993 2021 2020
108B Male 2011 253J  2020 2020 2019 2027 2004 1975 1981 1969 1953 1952 1939 1953
108B Male 2011 265J  1984 2014 2008 1992 1988 1970 1956 1956 1937 1927 1940 1929
108B Male 2011 277J  1922 1955 1963 1952 1981 1990 1951 1937 1959 1977 1976 1967
108B Male 2011 289J  1954 1956 1961 1972 1987 1982 1984 2006 2026 2020 1990 2005
108B Male 2011 301J  2039 2025 2005 2008 2009 1994 1980 1983 2004 2017 1993 1979
108B Male 2011 313J  1996 1987 1952 1935 1946 1952 1947 1940 1957 1988 2006 2021
108B Male 2011 325J  2023 1987 1963 1963 1983 1997 1975 1988 1988 1960 1965 1992
108B Male 2011 337J  1994 1965 1957 1955 1954 1965 1963 1952 1950 1951 1969 1998
108B Male 2011 349J  2000 1983 1972 1961 1943 1918 1919 1920 1909 1922 1932 1916
108B Male 2011 361J  1941 1952 1937 1967 1977-9999-9999-9999-9999-9999-9999-9999
108B Male 2012 001J  1950 1940 1923 1897 1871 1866 1883 1881 1902 1923 1918 1907
108B Male 2012 013J  1916 1942 1937 1935 1941 1945 1952 1953 1971 1972 1987 1990
108B Male 2012 025J  1970 1960 1950 1951 1952 1963 1977 1982 1989 1989 1974 1952
108B Male 2012 037J  1959 1993 2014 2021 2023 2028 2026 2031 2030 2038 2017 2000
108B Male 2012 049J  2004 2018 2039 2029 2021 2028 2037 2038 2033 2038 2042 2038
108B Male 2012 061J  2025 2000 1971 1992 2018 2012 2019 2040 2056 2027 1992 1993
108B Male 2012 073J  1991 1967 1974 1989 1959 1956 1994 2002 1989 1989 1985 1974
108B Male 2012 085J  1955 1946 1951 1957 1941 1931 1947 1934 1921 1950 1968 1993
108B Male 2012 097J  2013 2014 1998 1978 1971 1997 2024 2023 2001 2019 2040 2048
108B Male 2012 109J  2047 2055 2066 2048 2041 2038 2033 2039 2022 2031 2050 2071
108B Male 2012 121J  2090 2079 2050 2062 2086 2071 2054 2046 2039 2026 2014 2031
108B Male 2012 133J  2058 2053 2047 2049 2040 2027 2029 2007 2008 2002 1983 1990
108B Male 2012 145J  1994 1984 2002 2005 1991 1988 1985 1973 1987 2011 1996 1973
108B Male 2012 157J  1975 1984 1985 1998 1995 1997 2017 2006 1992 1989 1973 1941
108B Male 2012 169J  1945 1932 1914 1918 1936 1956 1974 1997 1994 1984 1970 1956
108B Male 2012 181J  1962 1977 1987 1981 1972 1998 1998 2010 2047 2038 2031 2034
108B Male 2012 193J  2035 2017 1995 1983 1988 1988 1990 1994 1988 1989 2015 2037
108B Male 2012 205J  2029 2011 1988 1969 1972 1972 1950 1937 1950 1977 2000 2003
108B Male 2012 217J  2007 2016 1991 1972 1970 1970 1985 2003 2006 1990 1969 1974
108B Male 2012 229J  2014 2015 2007 2011 1994 1983 2001 2002 1993 1982 1971 1962
108B Male 2012 241J  1969 1987 2011 2028 2051 2053 2034 1994 1960 1939 1963 1971
108B Male 2012 253J  1969 1983 1991 2012 2025 2026 2031 2031 1996 1970 1964 1946
108B Male 2012 265J  1913 1909 1928 1936 1946 1970 1975 1952 1976 1966 1928 1904
108B Male 2012 277J  1880 1884 1893 1917 1932 1939 1957 1950 1959 1968 1965 1955
108B Male 2012 289J  1929 1902 1906 1938 1965 1970 1979 1998 2015 2039 2029 2014
108B Male 2012 301J  1993 1956 1960 1995 1985 1953 1956 1944 1947 1955 1957 1942
108B Male 2012 313J  1936 1943 1935 1948 1946 1946 1969 1978 1958 1950 1961 1966
108B Male 2012 325J  1973 1971 1959 1943 1948 1961 1945 1924 1933 1931 1914 1905
108B Male 2012 337J  1929 1953 1952 1960 1953 1958 1970 1975 1983 1969 1970 1950
108B Male 2012 349J  1934 1955 1971 2015 2044 2064 2030 1978 1974 1982 1993 1995
108B Male 2012 361J  2000 1989 1991 2012 2014 2000-9999-9999-9999-9999-9999-9999
108B Male 2013 001J  2014 2028 2031 2036 2033 2039 2010 1956 1941 1952 1964 1955
108B Male 2013 013J  1984 1999 1976 1971 1969 1928 1896 1894 1882 1870 1869 1877
108B Male 2013 025J  1879 1884 1914 1924 1924 1942 1980 1987 1974 1979 1972 1963
108B Male 2013 037J  1948 1960 1999 2027 2050 2057 2056 2050 2031 2028 2033 2036
108B Male 2013 049J  2040 2033 2020 2003 1971 1957 1965 1957 1957 1975 1977 1968
108B Male 2013 061J  1948 1950 1953 1969 1982 1986 2001 2016 2018 2025 2011 2016
108B Male 2013 073J  2029 2012 1987 2000 2025 2029 2038 2058 2057 2048 2045 2041
108B Male 2013 085J  2046 2047 2046 2035 2018 2006 1984 1996 2015 2032 2041 2041
108B Male 2013 097J  2050 2075 2064 2021 1997 2002 1998 1991 1987 2004 2013 2005
108B Male 2013 109J  2019 2020 2005 1998 2010 2032 2029 2027 2031 2013 2035 2078
108B Male 2013 121J  2073 2063 2057 2059 2043 2041 2024 2005 2003 2000 1999 1984
108B Male 2013 133J  1997 1996 1966 1951 1964 1965 1965 1967 1956 1948 1948 1951
108B Male 2013 145J  1933 1949 1974 1972 1980 1999 2003 1986 1977 1959 1936 1926
108B Male 2013 157J  1911 1915 1939 1942 1935 1927 1940 1976 2000 2021 2042 2027
108B Male 2013 169J  2015 2021 2003 1998 1999 2018 2044 2033 2029 2064 2081 2070
108B Male 2013 181J  2053 2034 2017 2014 2013 2006 2006 2033 2035 2011 2007 2028
108B Male 2013 193J  2035 2025 2019 2027 2032 2011 2006 2049 2075 2068 2069 2084
108B Male 2013 205J  2074 2073 2080 2086 2079 2062 2036 2030 2043 2045 2035 2023
108B Male 2013 217J  2025 2029 2026 2015 2005 1982 1978 1979 1992 2008 2008 1987
108B Male 2013 229J  1970 1966 1971 1973 1958 1956 1948 1925 1918 1909 1918 1897
108B Male 2013 241J  1861 1837 1824 1840 1879 1909 1923 1927 1947 1956 1943 1937
108B Male 2013 253J  1919 1904 1904 1917 1954 1972 1953 1965 1970 1950 1964 1946
108B Male 2013 265J  1915 1911 1902 1875 1870 1907 1931 1939 1950 1954 1977 1977
108B Male 2013 277J  1955 1962 1965 1935 1914 1925 1938 1940 1940 1970 1981 1970
108B Male 2013 289J  1964 1937 1917 1906 1927 1954 1942 1934 1944 1950 1940 1938
108B Male 2013 301J  1928 1929 1940 1940 1942 1954 1946 1949 1952 1922 1909 1929
108B Male 2013 313J  1945 1944 1935 1929 1947 1964 1955 1931 1930 1924 1922 1930
108B Male 2013 325J  1944 1933 1914 1918 1932 1943 1936 1927 1928 1928 1922 1913
108B Male 2013 337J  1931 1949 1957 1977 1979 1962 1985 1994 1982 1982 1976 1944
108B Male 2013 349J  1921 1931 1930 1922 1921 1949 1978 1992 2000 1998 1952 1958
108B Male 2013 361J  1987 1959 1928 1920 1926-9999-9999-9999-9999-9999-9999-9999
108B Male 2014 001J  1944 1971 1983 1988 1991 2004 2021 2014 1995 1965 1936 1932
108B Male 2014 013J  1900 1886 1898 1882 1894 1924 1933 1931 1916 1922 1945 1960
108B Male 2014 025J  1970 1980 2002 1995 1989 1999 2013 2035 2047 2038 2025 2024
108B Male 2014 037J  2021 2000 1978 1969 1967 1965 1969 1979 1963 1959 1983 2001
108B Male 2014 049J  2002 1975 1954 1947 1937 1912 1923 1956 1947 1944 1980 1999
108B Male 2014 061J  1987 1974 1977 1970 1969 1982 1986 1966 1960 1997 2006 1996
108B Male 2014 073J  1995 2001 1992 1986 1982 2015 2017 1998 2030 2033 2002 2011
108B Male 2014 085J  2041 2040 2025 2030 2040 2010 2005 2023 2008 1996 2011 2011
108B Male 2014 097J  2024 2032 2016 2028 2046 2039 2013 2019 2005 1985 1989 2001
108B Male 2014 109J  2001 2008 2010 2000 2008 2013 2017 2026 2016 1996 1982 1984
108B Male 2014 121J  1981 1978 1973 1958 1937 1965 1980 1969 1967 1978 1977 1970
108B Male 2014 133J  1975 1952 1920 1936 1956 1954 1966 1975 1973 1972 1968 1960
108B Male 2014 145J  1953 1960 1971 1961 1941 1945 1963 1948 1960 1982 1993 2014
108B Male 2014 157J  2026 2041 2034 2034 2039 2034 1999 1990 2011 2000 2006 2053
108B Male 2014 169J  2072 2072 2033 2021 2046 2022 1987 1956 1922 1918 1949 1969
108B Male 2014 181J  1967 1992 2024 2016 1979 1970 1983 1972 1959 1958 1948 1947
108B Male 2014 193J  1967 1973 1989 2008 2021 2000 1999 2019 2003 1973 1952 1962
108B Male 2014 205J  1966 1942 1935 1936 1945 1942 1953 1982 1978 1969 1998 2007
108B Male 2014 217J  1988 1992 2004 2006 2000 1995 2005 2013 2007 2014 2000 1997
108B Male 2014 229J  2030 2037 2023 2006 1996 1975 1958 1973 1967 1955 1965 2002
108B Male 2014 241J  2029 2032 2047 2044 2017 2021 2026 1992 1982 1979 1986 1999
108B Male 2014 253J  2003 1996 1982 1976 1997 2023 1993 1982 2008 2001 1969 1988
108B Male 2014 265J  2005 1997 1997 2010 1978 1954 1951 1939 1967 1991 2002 1989
108B Male 2014 277J  1977 1990 1978 1976 1967 1960 1953 1940 1941 1939 1935 1904
108B Male 2014 289J  1879 1872 1901 1944 1960 1945 1933 1928 1905 1914 1907 1880
108B Male 2014 301J  1881 1888 1893 1917 1914 1934 1942 1944 1953 1948 1931 1900
108B Male 2014 313J  1896 1898 1903 1912 1922 1906 1897 1898 1903 1912 1919 1922
108B Male 2014 325J  1930 1931 1909 1912 1947 1940 1931 1956 1953 1958 1951 1922
108B Male 2014 337J  1922 1929 1934 1942 1932 1929 1939 1962 1997 2017 2012 1989
108B Male 2014 349J  1978 1991 2007 2012 2017 2028 2032 2037 2049 2038 2036 2047
108B Male 2014 361J  2039 2020 1983 1988 1995-9999-9999-9999-9999-9999-9999-9999
108B Male 2015 001J  1976 1962 1961 1963 1949 1928 1910 1916 1905 1902 1909 1892
108B Male 2015 013J  1865 1845 1853 1857 1863 1873 1876 1868 1869 1887 1908 1910
108B Male 2015 025J  1917 1937 1946 1946 1948 1972 1965 1947 1959 1976 1984 1990
108B Male 2015 037J  2010 2017 2020 2016 2001 1985 1985 1982 1990 1995 1986 1989
108B Male 2015 049J  2006 2011 2004 2012 1988 1950 1957 1980 1974 1962 1987 2013
108B Male 2015 061J  1977 1968 2004 1999 1950 1944 1957 1948 1940 1953 1969 1977
108B Male 2015 073J  1967 1993 1985 1976 1997 2022 2040 2040 2033 2025 2025 2035
108B Male 2015 085J  2020 2001 2009 2008 2009 2038 2057 2057 2054 2064 2064 2065
108B Male 2015 097J  2065 2059 2057 2062 2065 2058 2051 2065 2070 2075 2065 2051
108B Male 2015 109J  2030 2014 2023 2022 2029 2032 2040 2051 2047 2036 2021 2003
108B Male 2015 121J  2009 1996 2002 2017 2004 1997 2001 2014 2017 2014 2029 2034
108B Male 2015 133J  2021 2027 2032 2013 1999 1999 1998 1979 1968 1966 1965 1967
108B Male 2015 145J  1959 1977 1983 1966 1968 1988 1974 1959 1961 1972 1985 2004
108B Male 2015 157J  2026 2003 2008 2060 2076 2066 2059 2058 2051 2051 2049 2065
108B Male 2015 169J  2077 2092 2110 2108 2088 2077 2085 2072 2052 2052 2066 2065
108B Male 2015 181J  2066 2065 2043 2038 2042 2036 2038 2054 2052 2037 2047 2053
108B Male 2015 193J  2068 2055 2055 2038 2009 2031 2058 2060 2060 2042 2013 2015
108B Male 2015 205J  2005 1994 1998 2000 2008 2017 2029 2029 2026 2037 2040 2036
108B Male 2015 217J  2042 2040 2040 2013 1991 2013 2006 1961 1975 1988 1977 1989
108B Male 2015 229J  1970 1958 1962 1957 1952 1948 1943 1963 1973 1968 1972 1984
108B Male 2015 241J  1989 1976 1979 1979 1972 1966 1960 1955 1946 1946 1955 1963
108B Male 2015 253J  1981 1988 2011 2039 2034 2010 2002 1993 2005 2010 1999 1981
108B Male 2015 265J  1985 1997 2000 2003 2002 2010 2020 2017 2007 2011 1999 1988
108B Male 2015 277J  1969 1974 1984 1990 1996 1994 1998 2013 1988 1978 1961 1951
108B Male 2015 289J  1942 1943 1961 1981 1995 2021 2021 2023 2038 2068 2082 2060
108B Male 2015 301J  2064 2090 2070 2037 2041 2034 2011 1999 2022 2035 2023 2015
108B Male 2015 313J  2012 2010 1987 1946 1946 1956 1956 1949 1956 1967 1973 1990
108B Male 2015 325J  1990 1984 1976 1974 1992 2019 2015 2001 1986 1959 1967 1962
108B Male 2015 337J  1952 1985 1993 1991 1967 1940 1953 1969 1963 1972 1974 1982
108B Male 2015 349J  1991 1988 1983 1979 1951 1922 1942 1958 1934 1936 1926 1914
108B Male 2015 361J  1930 1924 1921 1908 1910-9999-9999-9999-9999-9999-9999-9999
108B Male 2016 001J  1926 1929 1929 1929 1928 1941 1927 1920 1945 1947 1950 1966
108B Male 2016 013J  1994 2001 2008 1991 1980 1985 2009 2009 2021 2028 2007 1993
108B Male 2016 025J  2003 2029 2038 2022 2022 2014 2011 1999 1965 1948 1964 1970
108B Male 2016 037J  1966 1962 1959 1961 1968 1980 1979 1971 1970 1971 1964 1977
108B Male 2016 049J  1985 1967 1942 1962 2021 2054 2047 2026 1998 1976 1964 1976
108B Male 2016 061J  1987 1978 1989 2009 2017 2050 2078 2070 2051 2057 2060 2044
108B Male 2016 073J  2068 2074 2071 2074 2078 2065 2057 2075 2082 2077 2070 2051
108B Male 2016 085J  2044 2056 2054 2040 2046 2056 2059 2059 2064 2077 2091 2094
108B Male 2016 097J  2094 2098 2091 2071 2059 2064 2046 2034 2040 2045 2051 2059
108B Male 2016 109J  2068 2062 2039 2023 2029 2061 2049 2031 2016 2009 2025 2050
108B Male 2016 121J  2077 2086 2093 2117 2099 2070 2081 2099 2086 2084 2083 2063
108B Male 2016 133J  2038 2055 2093 2102 2101 2116 2121 2079 2037 2044 2046 2013
108B Male 2016 145J  2002 2035 2065 2061 2052 2064 2066 2084 2081 2059 2038 2026
108B Male 2016 157J  2015 2004 2017 2034 2021 1992 1986 2000 2034 2061 2054 2044
108B Male 2016 169J  2032 2022 2028 2035 2012 1980 1997 1996 2014 2035 2024 2018
108B Male 2016 181J  2037 2035 2032 2052 2065 2079 2060 2063 2066 2061 2071 2107
108B Male 2016 193J  2129 2132 2144 2153 2152 2104 2066 2048 2047 2062 2108 2104
108B Male 2016 205J  2079 2078 2077 2059 2051 2059 2030 1975 1959 1998 2014 2029
108B Male 2016 217J  2057 2068 2060 2036 2028 2000 1958 1929 1929 1932 1935 1965
108B Male 2016 229J  1997 2023 2027 2040 2047 2042 2032 1997 1984 1970 1966 1981
108B Male 2016 241J  1998 1994 1982 1979 1951 1907 1897 1897 1893 1888 1907 1917
108B Male 2016 253J  1923 1925 1933 1947 1937 1951 1952 1947 1962 1976 1955 1927
108B Male 2016 265J  1918 1925 1934 1919 1915 1917 1906 1892 1903 1907 1897 1886
108B Male 2016 277J  1864 1858 1871 1868 1878 1884 1894 1916 1932 1928 1918 1924
108B Male 2016 289J  1924 1930 1922 1924 1927 1912 1915 1898 1892 1900 1899 1925
108B Male 2016 301J  1916 1894 1901 1925 1920 1906 1914 1922 1918 1901 1881 1860
108B Male 2016 313J  1846 1850 1865 1876 1881 1891 1901 1917 1915 1926 1926 1902
108B Male 2016 325J  1909 1918 1936 1945 1954 1947 1930 1929 1915 1900 1900 1918
108B Male 2016 337J  1929 1922 1920 1957 1986 2002 2009 1998 1983 1987 1984 1964
108B Male 2016 349J  1933 1923 1899 1883 1890 1896 1882 1855 1864 1872 1880 1873
108B Male 2016 361J  1868 1872 1869 1857 1841 1834-9999-9999-9999-9999-9999-9999
108B Male 2017 001J  1844 1863 1870 1863 1892 1893 1880 1878 1895 1907 1891 1906
108B Male 2017 013J  1908 1932 1943 1954 1979 1959 1926 1931 1932 1899 1882 1877
108B Male 2017 025J  1892 1904 1899 1916 1935 1925 1916 1916 1911 1924 1924 1906
108B Male 2017 037J  1888 1896 1895 1904 1925 1939 1929 1930 1919 1896 1896 1918
108B Male 2017 049J  1931 1929 1926 1925 1915 1921 1944 1946 1947 1962 1974 1986
108B Male 2017 061J  1984 1992 1975 1954 1952 1942 1960 1982 1957 1936 1919 1891
108B Male 2017 073J  1911 1944 1950 1931 1927 1925 1921 1934 1942 1939 1936 1930
108B Male 2017 085J  1945 1941 1935 1934 1954 1979 1971 1940 1950 1961 1944 1946
108B Male 2017 097J  1961 1971 1973 1979 1977 1967 1985 1986 1998 1997 1965 1958
108B Male 2017 109J  1968 1976 1976 1981 1980 1984 1986 1971 1961 1966 1952 1932
108B Male 2017 121J  1923 1915 1913 1928 1949 1969 1979 1971 1970 1975 1959 1952
108B Male 2017 133J  1941 1938 1936 1950 1954 1939 1964 1954 1949 1937 1925 1915
108B Male 2017 145J  1910 1918 1917 1903 1901 1916 1931 1953 1951 1951 1948 1913
108B Male 2017 157J  1884 1873 1871 1865 1858 1864 1904 1935 1926 1941 1939 1928
108B Male 2017 169J  1917 1905 1907 1893 1913 1937 1930 1942 1947 1957 1983 1991
108B Male 2017 181J  1980 1975 1981 1973 1934 1926 1953 1959 1974 1990 1969 1976
108B Male 2017 193J  2000 2015 2008 2005 2003 2012 2028 2012 2001 1989 1983 1978
108B Male 2017 205J  1964 1976 1984 1949 1932 1947 1955 1931 1937 1943 1928 1914
108B Male 2017 217J  1926 1950 1962 1995 1991 1960 1952 1930 1913 1908 1912 1945
108B Male 2017 229J  1965 1950 1951 1960 1951 1934 1953 1963 1937 1932 1936 1924
108B Male 2017 241J  1935 1947 1934 1931 1920 1890 1861 9999 9999 9999 9999 9999
108B Male 2017 253J  9999 9999 9999 9999 9999 9999 9999 9999 9999 9999 9999 9999
108B Male 2017 265J  9999 9999 9999 9999 9999 9999 9999 9999 9999 9999 9999 9999
108B Male 2017 277J  9999 9999 9999 9999 9999 9999 9999 9999 9999 9999 9999 9999
108B Male 2017 289J  9999 9999 9999 9999 9999 9999 9999 9999 9999 9999 9999 9999
108B Male 2017 301J  9999 9999 9999 9999 9999 9999 9999 9999 9999 9999 9999 9999
108B Male 2017 313J  9999 9999 9999 9999 9999 9999 9999 9999 9999 9999 9999 9999
108B Male 2017 325J  9999 9999 9999 9999 9999 9999 9999 9999 9999 9999 9999 9999
108B Male 2017 337J  9999 9999 9999 9999 9999 9999 9999 9999 9999 9999 9999 9999
108B Male 2017 349J  9999 9999 9999 9999 9999 9999 9999 9999 9999 9999 9999 9999
108B Male 2017 361J  9999 9999 9999 9999 9999-9999-9999-9999-9999-9999-9999-9999
